195.00	2476.00	195.00	2476.00
195.80	2473.00	195.80	2473.00
196.61	2472.00	196.61	2472.00
197.41	2473.00	197.41	2473.00
198.22	2472.00	198.22	2472.00
199.02	2477.00	199.02	2477.00
199.83	2474.00	199.83	2474.00
200.63	2475.00	200.63	2475.00
201.43	2472.00	201.43	2472.00
202.24	2470.00	202.24	2470.00
203.04	2472.00	203.04	2472.00
203.85	2467.00	203.85	2467.00
204.65	2472.00	204.65	2472.00
205.45	2480.00	205.45	2480.00
206.26	2476.00	206.26	2476.00
207.06	2474.00	207.06	2474.00
207.87	2473.00	207.87	2473.00
208.67	2479.00	208.67	2479.00
209.47	2478.00	209.47	2478.00
210.28	2472.00	210.28	2472.00
211.08	2475.00	211.08	2475.00
211.88	2477.00	211.88	2477.00
212.69	2476.00	212.69	2476.00
213.49	2473.00	213.49	2473.00
214.29	2475.00	214.29	2475.00
215.10	2479.00	215.10	2479.00
215.90	2480.00	215.90	2480.00
216.70	2473.00	216.70	2473.00
217.51	2473.00	217.51	2473.00
218.31	2479.00	218.31	2479.00
219.11	2480.00	219.11	2480.00
219.92	2476.00	219.92	2476.00
220.72	2475.00	220.72	2475.00
221.52	2474.00	221.52	2474.00
222.32	2479.00	222.32	2479.00
223.13	2472.00	223.13	2472.00
223.93	2480.00	223.93	2480.00
224.73	2474.00	224.73	2474.00
225.54	2480.00	225.54	2480.00
226.34	2475.00	226.34	2475.00
227.14	2476.00	227.14	2476.00
227.94	2475.00	227.94	2475.00
228.75	2472.00	228.75	2472.00
229.55	2479.00	229.55	2479.00
230.35	2476.00	230.35	2476.00
231.15	2478.00	231.15	2478.00
231.95	2475.00	231.95	2475.00
232.76	2474.00	232.76	2474.00
233.56	2475.00	233.56	2475.00
234.36	2469.00	234.36	2469.00
235.16	2469.00	235.16	2469.00
235.96	2479.00	235.96	2479.00
236.77	2480.00	236.77	2480.00
237.57	2474.00	237.57	2474.00
238.37	2473.00	238.37	2473.00
239.17	2469.00	239.17	2469.00
239.97	2474.00	239.97	2474.00
240.77	2478.00	240.77	2478.00
241.58	2471.00	241.58	2471.00
242.38	2478.00	242.38	2478.00
243.18	2490.00	243.18	2490.00
243.98	2485.00	243.98	2485.00
244.78	2476.00	244.78	2476.00
245.58	2478.00	245.58	2478.00
246.38	2477.00	246.38	2477.00
247.19	2475.00	247.19	2475.00
247.99	2476.00	247.99	2476.00
248.79	2481.00	248.79	2481.00
249.59	2470.00	249.59	2470.00
250.39	2479.00	250.39	2479.00
251.19	2476.00	251.19	2476.00
251.99	2480.00	251.99	2480.00
252.79	2477.00	252.79	2477.00
253.59	2476.00	253.59	2476.00
254.39	2480.00	254.39	2480.00
255.19	2475.00	255.19	2475.00
255.99	2474.00	255.99	2474.00
256.79	2476.00	256.79	2476.00
257.59	2476.00	257.59	2476.00
258.40	2484.00	258.40	2484.00
259.20	2477.00	259.20	2477.00
260.00	2478.00	260.00	2478.00
260.80	2478.00	260.80	2478.00
261.60	2476.00	261.60	2476.00
262.40	2479.00	262.40	2479.00
263.20	2474.00	263.20	2474.00
264.00	2474.00	264.00	2474.00
264.80	2473.00	264.80	2473.00
265.60	2470.00	265.60	2470.00
266.40	2476.00	266.40	2476.00
267.20	2478.00	267.20	2478.00
267.99	2478.00	267.99	2478.00
268.79	2482.00	268.79	2482.00
269.59	2480.00	269.59	2480.00
270.39	2475.00	270.39	2475.00
271.19	2480.00	271.19	2480.00
271.99	2471.00	271.99	2471.00
272.79	2480.00	272.79	2480.00
273.59	2478.00	273.59	2478.00
274.39	2476.00	274.39	2476.00
275.19	2473.00	275.19	2473.00
275.99	2482.00	275.99	2482.00
276.79	2478.00	276.79	2478.00
277.59	2475.00	277.59	2475.00
278.39	2478.00	278.39	2478.00
279.18	2477.00	279.18	2477.00
279.98	2477.00	279.98	2477.00
280.78	2477.00	280.78	2477.00
281.58	2474.00	281.58	2474.00
282.38	2475.00	282.38	2475.00
283.18	2481.00	283.18	2481.00
283.98	2479.00	283.98	2479.00
284.77	2481.00	284.77	2481.00
285.57	2472.00	285.57	2472.00
286.37	2477.00	286.37	2477.00
287.17	2477.00	287.17	2477.00
287.97	2470.00	287.97	2470.00
288.77	2482.00	288.77	2482.00
289.56	2475.00	289.56	2475.00
290.36	2478.00	290.36	2478.00
291.16	2480.00	291.16	2480.00
291.96	2481.00	291.96	2481.00
292.76	2478.00	292.76	2478.00
293.55	2475.00	293.55	2475.00
294.35	2478.00	294.35	2478.00
295.15	2481.00	295.15	2481.00
295.95	2476.00	295.95	2476.00
296.74	2480.00	296.74	2480.00
297.54	2475.00	297.54	2475.00
298.34	2485.00	298.34	2485.00
299.14	2481.00	299.14	2481.00
299.93	2478.00	299.93	2478.00
300.73	2477.00	300.73	2477.00
301.53	2474.00	301.53	2474.00
302.33	2482.00	302.33	2482.00
303.12	2475.00	303.12	2475.00
303.92	2481.00	303.92	2481.00
304.72	2482.00	304.72	2482.00
305.51	2478.00	305.51	2478.00
306.31	2477.00	306.31	2477.00
307.11	2480.00	307.11	2480.00
307.90	2488.00	307.90	2488.00
308.70	2476.00	308.70	2476.00
309.50	2486.00	309.50	2486.00
310.29	2481.00	310.29	2481.00
311.09	2486.00	311.09	2486.00
311.89	2472.00	311.89	2472.00
312.68	2483.00	312.68	2483.00
313.48	2484.00	313.48	2484.00
314.28	2484.00	314.28	2484.00
315.07	2482.00	315.07	2482.00
315.87	2485.00	315.87	2485.00
316.67	2477.00	316.67	2477.00
317.46	2480.00	317.46	2480.00
318.26	2485.00	318.26	2485.00
319.05	2483.00	319.05	2483.00
319.85	2480.00	319.85	2480.00
320.65	2479.00	320.65	2479.00
321.44	2484.00	321.44	2484.00
322.24	2483.00	322.24	2483.00
323.03	2484.00	323.03	2484.00
323.83	2482.00	323.83	2482.00
324.62	2481.00	324.62	2481.00
325.42	2486.00	325.42	2486.00
326.21	2479.00	326.21	2479.00
327.01	2482.00	327.01	2482.00
327.81	2489.00	327.81	2489.00
328.60	2487.00	328.60	2487.00
329.40	2486.00	329.40	2486.00
330.19	2488.00	330.19	2488.00
330.99	2487.00	330.99	2487.00
331.78	2489.00	331.78	2489.00
332.58	2490.00	332.58	2490.00
333.37	2484.00	333.37	2484.00
334.17	2486.00	334.17	2486.00
334.96	2490.00	334.96	2490.00
335.75	2485.00	335.75	2485.00
336.55	2485.00	336.55	2485.00
337.34	2489.00	337.34	2489.00
338.14	2496.00	338.14	2496.00
338.93	2490.00	338.93	2490.00
339.73	2492.00	339.73	2492.00
340.52	2491.00	340.52	2491.00
341.32	2488.00	341.32	2488.00
342.11	2492.00	342.11	2492.00
342.90	2494.00	342.90	2494.00
343.70	2492.00	343.70	2492.00
344.49	2495.00	344.49	2495.00
345.29	2494.00	345.29	2494.00
346.08	2491.00	346.08	2491.00
346.87	2494.00	346.87	2494.00
347.67	2502.00	347.67	2502.00
348.46	2506.00	348.46	2506.00
349.26	2502.00	349.26	2502.00
350.05	2514.00	350.05	2514.00
350.84	2513.00	350.84	2513.00
351.64	2519.00	351.64	2519.00
352.43	2527.00	352.43	2527.00
353.22	2532.00	353.22	2532.00
354.02	2534.00	354.02	2534.00
354.81	2539.00	354.81	2539.00
355.60	2550.00	355.60	2550.00
356.40	2562.00	356.40	2562.00
357.19	2569.00	357.19	2569.00
357.98	2584.00	357.98	2584.00
358.77	2604.00	358.77	2604.00
359.57	2618.00	359.57	2618.00
360.36	2624.00	360.36	2624.00
361.15	2649.00	361.15	2649.00
361.95	2671.00	361.95	2671.00
362.74	2684.00	362.74	2684.00
363.53	2710.00	363.53	2710.00
364.32	2727.00	364.32	2727.00
365.12	2759.00	365.12	2759.00
365.91	2784.00	365.91	2784.00
366.70	2814.00	366.70	2814.00
367.49	2846.00	367.49	2846.00
368.28	2897.00	368.28	2897.00
369.08	2936.00	369.08	2936.00
369.87	2990.00	369.87	2990.00
370.66	3026.00	370.66	3026.00
371.45	3070.00	371.45	3070.00
372.24	3112.00	372.24	3112.00
373.04	3180.00	373.04	3180.00
373.83	3243.00	373.83	3243.00
374.62	3302.00	374.62	3302.00
375.41	3380.00	375.41	3380.00
376.20	3428.00	376.20	3428.00
376.99	3503.00	376.99	3503.00
377.79	3544.00	377.79	3544.00
378.58	3602.00	378.58	3602.00
379.37	3675.00	379.37	3675.00
380.16	3771.00	380.16	3771.00
380.95	3925.00	380.95	3925.00
381.74	4343.00	381.74	4343.00
382.53	5708.00	382.53	5708.00
383.32	9155.00	383.32	9155.00
384.11	15007.00	384.11	15007.00
384.91	22161.00	384.91	22161.00
385.70	31002.00	385.70	31002.00
386.49	43115.00	386.49	43115.00
387.28	56096.00	387.28	56096.00
388.07	64600.00	388.07	64600.00
388.86	65535.00	388.86	65535.00
389.65	59699.00	389.65	59699.00
390.44	48668.00	390.44	48668.00
391.23	36578.00	391.23	36578.00
392.02	25041.00	392.02	25041.00
392.81	14669.00	392.81	14669.00
393.60	7479.00	393.60	7479.00
394.39	4122.00	394.39	4122.00
395.18	3061.00	395.18	3061.00
395.97	2791.00	395.97	2791.00
396.76	2698.00	396.76	2698.00
397.55	2657.00	397.55	2657.00
398.34	2623.00	398.34	2623.00
399.13	2608.00	399.13	2608.00
399.92	2596.00	399.92	2596.00
400.71	2573.00	400.71	2573.00
401.50	2567.00	401.50	2567.00
402.29	2557.00	402.29	2557.00
403.08	2544.00	403.08	2544.00
403.87	2539.00	403.87	2539.00
404.66	2538.00	404.66	2538.00
405.45	2533.00	405.45	2533.00
406.24	2525.00	406.24	2525.00
407.02	2519.00	407.02	2519.00
407.81	2523.00	407.81	2523.00
408.60	2519.00	408.60	2519.00
409.39	2512.00	409.39	2512.00
410.18	2506.00	410.18	2506.00
410.97	2509.00	410.97	2509.00
411.76	2509.00	411.76	2509.00
412.55	2506.00	412.55	2506.00
413.33	2504.00	413.33	2504.00
414.12	2500.00	414.12	2500.00
414.91	2507.00	414.91	2507.00
415.70	2495.00	415.70	2495.00
416.49	2503.00	416.49	2503.00
417.28	2499.00	417.28	2499.00
418.06	2497.00	418.06	2497.00
418.85	2509.00	418.85	2509.00
419.64	2504.00	419.64	2504.00
420.43	2502.00	420.43	2502.00
421.22	2494.00	421.22	2494.00
422.00	2493.00	422.00	2493.00
422.79	2498.00	422.79	2498.00
423.58	2493.00	423.58	2493.00
424.37	2491.00	424.37	2491.00
425.16	2492.00	425.16	2492.00
425.94	2492.00	425.94	2492.00
426.73	2491.00	426.73	2491.00
427.52	2487.00	427.52	2487.00
428.31	2496.00	428.31	2496.00
429.09	2490.00	429.09	2490.00
429.88	2495.00	429.88	2495.00
430.67	2486.00	430.67	2486.00
431.45	2487.00	431.45	2487.00
432.24	2492.00	432.24	2492.00
433.03	2488.00	433.03	2488.00
433.81	2490.00	433.81	2490.00
434.60	2485.00	434.60	2485.00
435.39	2488.00	435.39	2488.00
436.17	2486.00	436.17	2486.00
436.96	2484.00	436.96	2484.00
437.75	2494.00	437.75	2494.00
438.53	2483.00	438.53	2483.00
439.32	2489.00	439.32	2489.00
440.11	2486.00	440.11	2486.00
440.89	2480.00	440.89	2480.00
441.68	2484.00	441.68	2484.00
442.47	2482.00	442.47	2482.00
443.25	2483.00	443.25	2483.00
444.04	2488.00	444.04	2488.00
444.82	2478.00	444.82	2478.00
445.61	2487.00	445.61	2487.00
446.40	2481.00	446.40	2481.00
447.18	2490.00	447.18	2490.00
447.97	2482.00	447.97	2482.00
448.75	2486.00	448.75	2486.00
449.54	2487.00	449.54	2487.00
450.32	2489.00	450.32	2489.00
451.11	2477.00	451.11	2477.00
451.89	2485.00	451.89	2485.00
452.68	2487.00	452.68	2487.00
453.46	2480.00	453.46	2480.00
454.25	2483.00	454.25	2483.00
455.04	2483.00	455.04	2483.00
455.82	2475.00	455.82	2475.00
456.61	2482.00	456.61	2482.00
457.39	2480.00	457.39	2480.00
458.17	2480.00	458.17	2480.00
458.96	2485.00	458.96	2485.00
459.74	2480.00	459.74	2480.00
460.53	2478.00	460.53	2478.00
461.31	2480.00	461.31	2480.00
462.10	2486.00	462.10	2486.00
462.88	2478.00	462.88	2478.00
463.67	2480.00	463.67	2480.00
464.45	2484.00	464.45	2484.00
465.24	2479.00	465.24	2479.00
466.02	2484.00	466.02	2484.00
466.80	2479.00	466.80	2479.00
467.59	2480.00	467.59	2480.00
468.37	2481.00	468.37	2481.00
469.16	2482.00	469.16	2482.00
469.94	2481.00	469.94	2481.00
470.72	2486.00	470.72	2486.00
471.51	2482.00	471.51	2482.00
472.29	2480.00	472.29	2480.00
473.07	2480.00	473.07	2480.00
473.86	2482.00	473.86	2482.00
474.64	2478.00	474.64	2478.00
475.42	2480.00	475.42	2480.00
476.21	2472.00	476.21	2472.00
476.99	2489.00	476.99	2489.00
477.77	2480.00	477.77	2480.00
478.56	2478.00	478.56	2478.00
479.34	2477.00	479.34	2477.00
480.12	2477.00	480.12	2477.00
480.91	2482.00	480.91	2482.00
481.69	2479.00	481.69	2479.00
482.47	2476.00	482.47	2476.00
483.25	2483.00	483.25	2483.00
484.04	2478.00	484.04	2478.00
484.82	2483.00	484.82	2483.00
485.60	2485.00	485.60	2485.00
486.38	2475.00	486.38	2475.00
487.17	2479.00	487.17	2479.00
487.95	2479.00	487.95	2479.00
488.73	2482.00	488.73	2482.00
489.51	2484.00	489.51	2484.00
490.29	2476.00	490.29	2476.00
491.08	2477.00	491.08	2477.00
491.86	2477.00	491.86	2477.00
492.64	2478.00	492.64	2478.00
493.42	2476.00	493.42	2476.00
494.20	2483.00	494.20	2483.00
494.99	2479.00	494.99	2479.00
495.77	2482.00	495.77	2482.00
496.55	2474.00	496.55	2474.00
497.33	2475.00	497.33	2475.00
498.11	2479.00	498.11	2479.00
498.89	2479.00	498.89	2479.00
499.67	2478.00	499.67	2478.00
500.45	2480.00	500.45	2480.00
501.24	2471.00	501.24	2471.00
502.02	2478.00	502.02	2478.00
502.80	2470.00	502.80	2470.00
503.58	2479.00	503.58	2479.00
504.36	2478.00	504.36	2478.00
505.14	2475.00	505.14	2475.00
505.92	2473.00	505.92	2473.00
506.70	2479.00	506.70	2479.00
507.48	2480.00	507.48	2480.00
508.26	2476.00	508.26	2476.00
509.04	2480.00	509.04	2480.00
509.82	2474.00	509.82	2474.00
510.60	2480.00	510.60	2480.00
511.38	2480.00	511.38	2480.00
512.16	2471.00	512.16	2471.00
512.94	2479.00	512.94	2479.00
513.72	2476.00	513.72	2476.00
514.50	2481.00	514.50	2481.00
515.28	2481.00	515.28	2481.00
516.06	2480.00	516.06	2480.00
516.84	2478.00	516.84	2478.00
517.62	2474.00	517.62	2474.00
518.40	2474.00	518.40	2474.00
519.18	2478.00	519.18	2478.00
519.96	2473.00	519.96	2473.00
520.74	2477.00	520.74	2477.00
521.52	2474.00	521.52	2474.00
522.30	2483.00	522.30	2483.00
523.08	2473.00	523.08	2473.00
523.86	2477.00	523.86	2477.00
524.64	2471.00	524.64	2471.00
525.41	2476.00	525.41	2476.00
526.19	2482.00	526.19	2482.00
526.97	2478.00	526.97	2478.00
527.75	2482.00	527.75	2482.00
528.53	2478.00	528.53	2478.00
529.31	2472.00	529.31	2472.00
530.09	2476.00	530.09	2476.00
530.86	2477.00	530.86	2477.00
531.64	2479.00	531.64	2479.00
532.42	2476.00	532.42	2476.00
533.20	2482.00	533.20	2482.00
533.98	2479.00	533.98	2479.00
534.76	2479.00	534.76	2479.00
535.53	2473.00	535.53	2473.00
536.31	2487.00	536.31	2487.00
537.09	2490.00	537.09	2490.00
537.87	2475.00	537.87	2475.00
538.64	2473.00	538.64	2473.00
539.42	2480.00	539.42	2480.00
540.20	2474.00	540.20	2474.00
540.98	2476.00	540.98	2476.00
541.75	2472.00	541.75	2472.00
542.53	2478.00	542.53	2478.00
543.31	2476.00	543.31	2476.00
544.09	2474.00	544.09	2474.00
544.86	2474.00	544.86	2474.00
545.64	2477.00	545.64	2477.00
546.42	2478.00	546.42	2478.00
547.19	2478.00	547.19	2478.00
547.97	2480.00	547.97	2480.00
548.75	2476.00	548.75	2476.00
549.52	2475.00	549.52	2475.00
550.30	2482.00	550.30	2482.00
551.08	2469.00	551.08	2469.00
551.85	2476.00	551.85	2476.00
552.63	2477.00	552.63	2477.00
553.41	2479.00	553.41	2479.00
554.18	2474.00	554.18	2474.00
554.96	2472.00	554.96	2472.00
555.74	2470.00	555.74	2470.00
556.51	2487.00	556.51	2487.00
557.29	2481.00	557.29	2481.00
558.06	2474.00	558.06	2474.00
558.84	2476.00	558.84	2476.00
559.61	2475.00	559.61	2475.00
560.39	2476.00	560.39	2476.00
561.17	2482.00	561.17	2482.00
561.94	2471.00	561.94	2471.00
562.72	2475.00	562.72	2475.00
563.49	2474.00	563.49	2474.00
564.27	2471.00	564.27	2471.00
565.04	2471.00	565.04	2471.00
565.82	2471.00	565.82	2471.00
566.59	2473.00	566.59	2473.00
567.37	2476.00	567.37	2476.00
568.14	2474.00	568.14	2474.00
568.92	2474.00	568.92	2474.00
569.69	2478.00	569.69	2478.00
570.47	2470.00	570.47	2470.00
571.24	2472.00	571.24	2472.00
572.02	2479.00	572.02	2479.00
572.79	2476.00	572.79	2476.00
573.57	2470.00	573.57	2470.00
574.34	2474.00	574.34	2474.00
575.11	2472.00	575.11	2472.00
575.89	2480.00	575.89	2480.00
576.66	2480.00	576.66	2480.00
577.44	2472.00	577.44	2472.00
578.21	2478.00	578.21	2478.00
578.98	2477.00	578.98	2477.00
579.76	2481.00	579.76	2481.00
580.53	2478.00	580.53	2478.00
581.31	2483.00	581.31	2483.00
582.08	2474.00	582.08	2474.00
582.85	2482.00	582.85	2482.00
583.63	2470.00	583.63	2470.00
584.40	2474.00	584.40	2474.00
585.17	2608.00	585.17	2608.00
585.95	2475.00	585.95	2475.00
586.72	2473.00	586.72	2473.00
587.49	2472.00	587.49	2472.00
588.27	2474.00	588.27	2474.00
589.04	2478.00	589.04	2478.00
589.81	2473.00	589.81	2473.00
590.58	2478.00	590.58	2478.00
591.36	2482.00	591.36	2482.00
592.13	2476.00	592.13	2476.00
592.90	2480.00	592.90	2480.00
593.68	2476.00	593.68	2476.00
594.45	2477.00	594.45	2477.00
595.22	2480.00	595.22	2480.00
595.99	2479.00	595.99	2479.00
596.76	2477.00	596.76	2477.00
597.54	2472.00	597.54	2472.00
598.31	2484.00	598.31	2484.00
599.08	2474.00	599.08	2474.00
599.85	2475.00	599.85	2475.00
600.62	2480.00	600.62	2480.00
601.40	2482.00	601.40	2482.00
602.17	2474.00	602.17	2474.00
602.94	2478.00	602.94	2478.00
603.71	2476.00	603.71	2476.00
604.48	2474.00	604.48	2474.00
605.25	2479.00	605.25	2479.00
606.03	2477.00	606.03	2477.00
606.80	2476.00	606.80	2476.00
607.57	2476.00	607.57	2476.00
608.34	2473.00	608.34	2473.00
609.11	2481.00	609.11	2481.00
609.88	2470.00	609.88	2470.00
610.65	2477.00	610.65	2477.00
611.42	2474.00	611.42	2474.00
612.19	2473.00	612.19	2473.00
612.96	2475.00	612.96	2475.00
613.73	2473.00	613.73	2473.00
614.50	2471.00	614.50	2471.00
615.28	2475.00	615.28	2475.00
616.05	2474.00	616.05	2474.00
616.82	2472.00	616.82	2472.00
617.59	2475.00	617.59	2475.00
618.36	2476.00	618.36	2476.00
619.13	2475.00	619.13	2475.00
619.90	2476.00	619.90	2476.00
620.67	2478.00	620.67	2478.00
621.44	2479.00	621.44	2479.00
622.21	2471.00	622.21	2471.00
622.97	2475.00	622.97	2475.00
623.74	2475.00	623.74	2475.00
624.51	2477.00	624.51	2477.00
625.28	2473.00	625.28	2473.00
626.05	2477.00	626.05	2477.00
626.82	2473.00	626.82	2473.00
627.59	2472.00	627.59	2472.00
628.36	2475.00	628.36	2475.00
629.13	2479.00	629.13	2479.00
629.90	2470.00	629.90	2470.00
630.67	2474.00	630.67	2474.00
631.44	2478.00	631.44	2478.00
632.20	2471.00	632.20	2471.00
632.97	2470.00	632.97	2470.00
633.74	2476.00	633.74	2476.00
634.51	2474.00	634.51	2474.00
635.28	2474.00	635.28	2474.00
636.05	2469.00	636.05	2469.00
636.82	2471.00	636.82	2471.00
637.58	2471.00	637.58	2471.00
638.35	2476.00	638.35	2476.00
639.12	2472.00	639.12	2472.00
639.89	2477.00	639.89	2477.00
640.66	2472.00	640.66	2472.00
641.42	2472.00	641.42	2472.00
642.19	2472.00	642.19	2472.00
642.96	2470.00	642.96	2470.00
643.73	2478.00	643.73	2478.00
644.49	2480.00	644.49	2480.00
645.26	2475.00	645.26	2475.00
646.03	2471.00	646.03	2471.00
646.80	2474.00	646.80	2474.00
647.56	2479.00	647.56	2479.00
648.33	2496.00	648.33	2496.00
649.10	2475.00	649.10	2475.00
649.86	2471.00	649.86	2471.00
650.63	2470.00	650.63	2470.00
651.40	2470.00	651.40	2470.00
652.16	2471.00	652.16	2471.00
652.93	2474.00	652.93	2474.00
653.70	2475.00	653.70	2475.00
654.46	2473.00	654.46	2473.00
655.23	2476.00	655.23	2476.00
656.00	2478.00	656.00	2478.00
656.76	2477.00	656.76	2477.00
657.53	2473.00	657.53	2473.00
658.30	2472.00	658.30	2472.00
659.06	2471.00	659.06	2471.00
659.83	2475.00	659.83	2475.00
660.59	2478.00	660.59	2478.00
661.36	2478.00	661.36	2478.00
662.13	2474.00	662.13	2474.00
662.89	2471.00	662.89	2471.00
663.66	2471.00	663.66	2471.00
664.42	2471.00	664.42	2471.00
665.19	2477.00	665.19	2477.00
665.95	2476.00	665.95	2476.00
666.72	2470.00	666.72	2470.00
667.48	2473.00	667.48	2473.00
668.25	2473.00	668.25	2473.00
669.01	2476.00	669.01	2476.00
669.78	2478.00	669.78	2478.00
670.54	2475.00	670.54	2475.00
671.31	2477.00	671.31	2477.00
672.07	2469.00	672.07	2469.00
672.84	2471.00	672.84	2471.00
673.60	2473.00	673.60	2473.00
674.37	2467.00	674.37	2467.00
675.13	2475.00	675.13	2475.00
675.89	2472.00	675.89	2472.00
676.66	2477.00	676.66	2477.00
677.42	2471.00	677.42	2471.00
678.19	2468.00	678.19	2468.00
678.95	2475.00	678.95	2475.00
679.71	2474.00	679.71	2474.00
680.48	2472.00	680.48	2472.00
681.24	2476.00	681.24	2476.00
682.01	2477.00	682.01	2477.00
682.77	2476.00	682.77	2476.00
683.53	2467.00	683.53	2467.00
684.30	2474.00	684.30	2474.00
685.06	2474.00	685.06	2474.00
685.82	2477.00	685.82	2477.00
686.59	2473.00	686.59	2473.00
687.35	2474.00	687.35	2474.00
688.11	2473.00	688.11	2473.00
688.88	2478.00	688.88	2478.00
689.64	2479.00	689.64	2479.00
690.40	2478.00	690.40	2478.00
691.16	2474.00	691.16	2474.00
691.93	2478.00	691.93	2478.00
692.69	2475.00	692.69	2475.00
693.45	2476.00	693.45	2476.00
694.21	2477.00	694.21	2477.00
694.98	2475.00	694.98	2475.00
695.74	2471.00	695.74	2471.00
696.50	2474.00	696.50	2474.00
697.26	2473.00	697.26	2473.00
698.02	2475.00	698.02	2475.00
698.79	2473.00	698.79	2473.00
699.55	2473.00	699.55	2473.00
700.31	2476.00	700.31	2476.00
701.07	2480.00	701.07	2480.00
701.83	2472.00	701.83	2472.00
702.59	2474.00	702.59	2474.00
703.36	2476.00	703.36	2476.00
704.12	2476.00	704.12	2476.00
704.88	2473.00	704.88	2473.00
705.64	2474.00	705.64	2474.00
706.40	2475.00	706.40	2475.00
707.16	2469.00	707.16	2469.00
707.92	2471.00	707.92	2471.00
708.68	2471.00	708.68	2471.00
709.44	2473.00	709.44	2473.00
710.21	2478.00	710.21	2478.00
710.97	2470.00	710.97	2470.00
711.73	2478.00	711.73	2478.00
712.49	2474.00	712.49	2474.00
713.25	2470.00	713.25	2470.00
714.01	2471.00	714.01	2471.00
714.77	2470.00	714.77	2470.00
715.53	2473.00	715.53	2473.00
716.29	2476.00	716.29	2476.00
717.05	2474.00	717.05	2474.00
717.81	2476.00	717.81	2476.00
718.57	2470.00	718.57	2470.00
719.33	2476.00	719.33	2476.00
720.09	2474.00	720.09	2474.00
720.85	2474.00	720.85	2474.00
721.61	2474.00	721.61	2474.00
722.37	2476.00	722.37	2476.00
723.12	2471.00	723.12	2471.00
723.88	2472.00	723.88	2472.00
724.64	2471.00	724.64	2471.00
725.40	2476.00	725.40	2476.00
726.16	2474.00	726.16	2474.00
726.92	2473.00	726.92	2473.00
727.68	2471.00	727.68	2471.00
728.44	2476.00	728.44	2476.00
729.20	2469.00	729.20	2469.00
729.95	2473.00	729.95	2473.00
730.71	2472.00	730.71	2472.00
731.47	2476.00	731.47	2476.00
732.23	2474.00	732.23	2474.00
732.99	2471.00	732.99	2471.00
733.75	2472.00	733.75	2472.00
734.50	2472.00	734.50	2472.00
735.26	2468.00	735.26	2468.00
736.02	2475.00	736.02	2475.00
736.78	2475.00	736.78	2475.00
737.54	2474.00	737.54	2474.00
738.29	2471.00	738.29	2471.00
739.05	2476.00	739.05	2476.00
739.81	2474.00	739.81	2474.00
740.57	2476.00	740.57	2476.00
741.32	2471.00	741.32	2471.00
742.08	2475.00	742.08	2475.00
742.84	2473.00	742.84	2473.00
743.59	2471.00	743.59	2471.00
744.35	2477.00	744.35	2477.00
745.11	2481.00	745.11	2481.00
745.87	2472.00	745.87	2472.00
746.62	2473.00	746.62	2473.00
747.38	2472.00	747.38	2472.00
748.14	2471.00	748.14	2471.00
748.89	2472.00	748.89	2472.00
749.65	2470.00	749.65	2470.00
750.40	2472.00	750.40	2472.00
751.16	2475.00	751.16	2475.00
751.92	2475.00	751.92	2475.00
752.67	2474.00	752.67	2474.00
753.43	2469.00	753.43	2469.00
754.19	2478.00	754.19	2478.00
754.94	2471.00	754.94	2471.00
755.70	2472.00	755.70	2472.00
756.45	2475.00	756.45	2475.00
757.21	2470.00	757.21	2470.00
757.96	2477.00	757.96	2477.00
758.72	2473.00	758.72	2473.00
759.47	2470.00	759.47	2470.00
760.23	2471.00	760.23	2471.00
760.98	2477.00	760.98	2477.00
761.74	2468.00	761.74	2468.00
762.49	2468.00	762.49	2468.00
763.25	2474.00	763.25	2474.00
764.00	2471.00	764.00	2471.00
764.76	2473.00	764.76	2473.00
765.51	2470.00	765.51	2470.00
766.27	2474.00	766.27	2474.00
767.02	2477.00	767.02	2477.00
767.78	2470.00	767.78	2470.00
768.53	2474.00	768.53	2474.00
769.29	2472.00	769.29	2472.00
770.04	2470.00	770.04	2470.00
770.79	2470.00	770.79	2470.00
771.55	2473.00	771.55	2473.00
772.30	2472.00	772.30	2472.00
773.06	2471.00	773.06	2471.00
773.81	2476.00	773.81	2476.00
774.56	2476.00	774.56	2476.00
775.32	2470.00	775.32	2470.00
776.07	2474.00	776.07	2474.00
776.82	2476.00	776.82	2476.00
777.58	2476.00	777.58	2476.00
778.33	2474.00	778.33	2474.00
779.08	2474.00	779.08	2474.00
779.84	2477.00	779.84	2477.00
780.59	2468.00	780.59	2468.00
781.34	2476.00	781.34	2476.00
782.10	2472.00	782.10	2472.00
782.85	2474.00	782.85	2474.00
783.60	2471.00	783.60	2471.00
784.35	2474.00	784.35	2474.00
785.11	2474.00	785.11	2474.00
785.86	2467.00	785.86	2467.00
786.61	2471.00	786.61	2471.00
787.36	2471.00	787.36	2471.00
788.11	2470.00	788.11	2470.00
788.87	2468.00	788.87	2468.00
789.62	2478.00	789.62	2478.00
790.37	2475.00	790.37	2475.00
791.12	2469.00	791.12	2469.00
791.87	2467.00	791.87	2467.00
792.63	2472.00	792.63	2472.00
793.38	2470.00	793.38	2470.00
794.13	2471.00	794.13	2471.00
794.88	2469.00	794.88	2469.00
795.63	2474.00	795.63	2474.00
796.38	2472.00	796.38	2472.00
797.13	2473.00	797.13	2473.00
797.88	2471.00	797.88	2471.00
798.64	2470.00	798.64	2470.00
799.39	2470.00	799.39	2470.00
800.14	2472.00	800.14	2472.00
800.89	2476.00	800.89	2476.00
801.64	2475.00	801.64	2475.00
802.39	2470.00	802.39	2470.00
803.14	2474.00	803.14	2474.00
803.89	2480.00	803.89	2480.00
804.64	2474.00	804.64	2474.00
805.39	2474.00	805.39	2474.00
806.14	2469.00	806.14	2469.00
806.89	2471.00	806.89	2471.00
807.64	2471.00	807.64	2471.00
808.39	2475.00	808.39	2475.00
809.14	2472.00	809.14	2472.00
809.89	2474.00	809.89	2474.00
810.64	2474.00	810.64	2474.00
811.39	2472.00	811.39	2472.00
812.14	2477.00	812.14	2477.00
812.89	2473.00	812.89	2473.00
813.64	2472.00	813.64	2472.00
814.38	2472.00	814.38	2472.00
815.13	2468.00	815.13	2468.00
815.88	2482.00	815.88	2482.00
816.63	2475.00	816.63	2475.00
817.38	2471.00	817.38	2471.00
818.13	2470.00	818.13	2470.00
818.88	2471.00	818.88	2471.00
819.63	2474.00	819.63	2474.00
820.37	2475.00	820.37	2475.00
821.12	2468.00	821.12	2468.00
821.87	2476.00	821.87	2476.00
822.62	2474.00	822.62	2474.00
823.37	2466.00	823.37	2466.00
824.12	2475.00	824.12	2475.00
824.86	2473.00	824.86	2473.00
825.61	2472.00	825.61	2472.00
826.36	2471.00	826.36	2471.00
827.11	2468.00	827.11	2468.00
827.85	2478.00	827.85	2478.00
828.60	2474.00	828.60	2474.00
829.35	2472.00	829.35	2472.00
830.10	2473.00	830.10	2473.00
830.84	2474.00	830.84	2474.00
831.59	2479.00	831.59	2479.00
832.34	2471.00	832.34	2471.00
833.08	2476.00	833.08	2476.00
833.83	2473.00	833.83	2473.00
834.58	2467.00	834.58	2467.00
835.32	2475.00	835.32	2475.00
836.07	2466.00	836.07	2466.00
836.82	2474.00	836.82	2474.00
837.56	2471.00	837.56	2471.00
838.31	2474.00	838.31	2474.00
839.06	2474.00	839.06	2474.00
839.80	2476.00	839.80	2476.00
840.55	2469.00	840.55	2469.00
841.29	2473.00	841.29	2473.00
842.04	2472.00	842.04	2472.00
842.79	2470.00	842.79	2470.00
843.53	2474.00	843.53	2474.00
844.28	2471.00	844.28	2471.00
845.02	2473.00	845.02	2473.00
845.77	2475.00	845.77	2475.00
846.51	2467.00	846.51	2467.00
847.26	2476.00	847.26	2476.00
848.00	2468.00	848.00	2468.00
848.75	2469.00	848.75	2469.00
849.49	2472.00	849.49	2472.00
850.24	2474.00	850.24	2474.00
850.98	2472.00	850.98	2472.00
851.73	2467.00	851.73	2467.00
852.47	2465.00	852.47	2465.00
853.22	2472.00	853.22	2472.00
853.96	2481.00	853.96	2481.00
854.71	2480.00	854.71	2480.00
855.45	2473.00	855.45	2473.00
856.19	2475.00	856.19	2475.00
856.94	2470.00	856.94	2470.00
857.68	2474.00	857.68	2474.00
858.43	2477.00	858.43	2477.00
859.17	2471.00	859.17	2471.00
859.91	2472.00	859.91	2472.00
860.66	2474.00	860.66	2474.00
861.40	2479.00	861.40	2479.00
862.14	2475.00	862.14	2475.00
862.89	2473.00	862.89	2473.00
863.63	2475.00	863.63	2475.00
864.37	2472.00	864.37	2472.00
865.12	2477.00	865.12	2477.00
865.86	2470.00	865.86	2470.00
866.60	2471.00	866.60	2471.00
867.35	2474.00	867.35	2474.00
868.09	2487.00	868.09	2487.00
868.83	2470.00	868.83	2470.00
869.57	2472.00	869.57	2472.00
870.32	2476.00	870.32	2476.00
871.06	2471.00	871.06	2471.00
871.80	2471.00	871.80	2471.00
872.54	2476.00	872.54	2476.00
873.29	2471.00	873.29	2471.00
874.03	2477.00	874.03	2477.00
874.77	2470.00	874.77	2470.00
875.51	2480.00	875.51	2480.00
876.25	2500.00	876.25	2500.00
876.99	2474.00	876.99	2474.00
877.74	2474.00	877.74	2474.00
878.48	2478.00	878.48	2478.00
879.22	2483.00	879.22	2483.00
879.96	2474.00	879.96	2474.00
880.70	2470.00	880.70	2470.00
881.44	2474.00	881.44	2474.00
882.18	2475.00	882.18	2475.00
882.92	2470.00	882.92	2470.00
883.67	2475.00	883.67	2475.00
884.41	2476.00	884.41	2476.00
885.15	2472.00	885.15	2472.00
885.89	2478.00	885.89	2478.00
886.63	2471.00	886.63	2471.00
887.37	2472.00	887.37	2472.00
888.11	2473.00	888.11	2473.00
888.85	2475.00	888.85	2475.00
889.59	2478.00	889.59	2478.00
890.33	2474.00	890.33	2474.00
891.07	2479.00	891.07	2479.00
891.81	2480.00	891.81	2480.00
892.55	2474.00	892.55	2474.00
893.29	2471.00	893.29	2471.00
894.03	2474.00	894.03	2474.00
894.77	2475.00	894.77	2475.00
895.51	2474.00	895.51	2474.00
896.25	2479.00	896.25	2479.00
896.98	2470.00	896.98	2470.00
897.72	2476.00	897.72	2476.00
898.46	2474.00	898.46	2474.00
899.20	2474.00	899.20	2474.00
899.94	2473.00	899.94	2473.00
900.68	2472.00	900.68	2472.00
901.42	2471.00	901.42	2471.00
902.16	2474.00	902.16	2474.00
902.89	2469.00	902.89	2469.00
903.63	2472.00	903.63	2472.00
904.37	2476.00	904.37	2476.00
905.11	2472.00	905.11	2472.00
905.85	2476.00	905.85	2476.00
906.59	2473.00	906.59	2473.00
907.32	2475.00	907.32	2475.00
908.06	2473.00	908.06	2473.00
908.80	2476.00	908.80	2476.00
909.54	2471.00	909.54	2471.00
910.27	2470.00	910.27	2470.00
911.01	2473.00	911.01	2473.00
911.75	2471.00	911.75	2471.00
912.49	2477.00	912.49	2477.00
913.22	2473.00	913.22	2473.00
913.96	2474.00	913.96	2474.00
914.70	2472.00	914.70	2472.00
915.43	2483.00	915.43	2483.00
916.17	2475.00	916.17	2475.00
916.91	2475.00	916.91	2475.00
917.64	2473.00	917.64	2473.00
918.38	2473.00	918.38	2473.00
919.12	2475.00	919.12	2475.00
919.85	2481.00	919.85	2481.00
920.59	2474.00	920.59	2474.00
921.33	2473.00	921.33	2473.00
922.06	2473.00	922.06	2473.00
922.80	2475.00	922.80	2475.00
923.53	2470.00	923.53	2470.00
924.27	2473.00	924.27	2473.00
925.01	2474.00	925.01	2474.00
925.74	2472.00	925.74	2472.00
926.48	2471.00	926.48	2471.00
927.21	2473.00	927.21	2473.00
927.95	2473.00	927.95	2473.00
928.68	2472.00	928.68	2472.00
929.42	2477.00	929.42	2477.00
930.15	2478.00	930.15	2478.00
930.89	2475.00	930.89	2475.00
931.62	2477.00	931.62	2477.00
932.36	2475.00	932.36	2475.00
933.09	2480.00	933.09	2480.00
933.83	2470.00	933.83	2470.00
934.56	2474.00	934.56	2474.00
935.30	2475.00	935.30	2475.00
936.03	2478.00	936.03	2478.00
936.76	2479.00	936.76	2479.00
937.50	2474.00	937.50	2474.00
938.23	2475.00	938.23	2475.00
938.97	2476.00	938.97	2476.00
939.70	2475.00	939.70	2475.00
940.43	2476.00	940.43	2476.00
941.17	2479.00	941.17	2479.00
941.90	2476.00	941.90	2476.00
942.63	2471.00	942.63	2471.00
943.37	2476.00	943.37	2476.00
944.10	2474.00	944.10	2474.00
944.83	2473.00	944.83	2473.00
945.57	2478.00	945.57	2478.00
946.30	2473.00	946.30	2473.00
947.03	2475.00	947.03	2475.00
947.76	2472.00	947.76	2472.00
948.50	2472.00	948.50	2472.00
949.23	2472.00	949.23	2472.00
949.96	2475.00	949.96	2475.00
950.69	2480.00	950.69	2480.00
951.43	2473.00	951.43	2473.00
952.16	2478.00	952.16	2478.00
952.89	2473.00	952.89	2473.00
953.62	2472.00	953.62	2472.00
954.36	2481.00	954.36	2481.00
955.09	2469.00	955.09	2469.00
955.82	2470.00	955.82	2470.00
956.55	2486.00	956.55	2486.00
957.28	2475.00	957.28	2475.00
958.01	2476.00	958.01	2476.00
958.74	2477.00	958.74	2477.00
959.48	2475.00	959.48	2475.00
960.21	2480.00	960.21	2480.00
960.94	2476.00	960.94	2476.00
961.67	2469.00	961.67	2469.00
962.40	2468.00	962.40	2468.00
963.13	2480.00	963.13	2480.00
963.86	2475.00	963.86	2475.00
964.59	2474.00	964.59	2474.00
965.32	2473.00	965.32	2473.00
966.05	2472.00	966.05	2472.00
966.78	2478.00	966.78	2478.00
967.51	2471.00	967.51	2471.00
968.24	2471.00	968.24	2471.00
968.97	2474.00	968.97	2474.00
969.70	2480.00	969.70	2480.00
970.43	2478.00	970.43	2478.00
971.16	2475.00	971.16	2475.00
971.89	2478.00	971.89	2478.00
972.62	2470.00	972.62	2470.00
973.35	2471.00	973.35	2471.00
974.08	2476.00	974.08	2476.00
974.81	2473.00	974.81	2473.00
975.54	2474.00	975.54	2474.00
976.27	2478.00	976.27	2478.00
977.00	2474.00	977.00	2474.00
977.73	2472.00	977.73	2472.00
978.45	2475.00	978.45	2475.00
979.18	2474.00	979.18	2474.00
979.91	2471.00	979.91	2471.00
980.64	2473.00	980.64	2473.00
981.37	2470.00	981.37	2470.00
982.10	2478.00	982.10	2478.00
982.83	2473.00	982.83	2473.00
983.55	2437.00	983.55	2437.00
984.28	2440.00	984.28	2440.00
985.01	2434.00	985.01	2434.00
985.74	2434.00	985.74	2434.00
986.46	2470.00	986.46	2470.00
987.19	2471.00	987.19	2471.00
987.92	2472.00	987.92	2472.00
988.65	2470.00	988.65	2470.00
989.37	2472.00	989.37	2472.00
990.10	2470.00	990.10	2470.00
990.83	2477.00	990.83	2477.00
991.56	2476.00	991.56	2476.00
992.28	2470.00	992.28	2470.00
993.01	2475.00	993.01	2475.00
993.74	2470.00	993.74	2470.00
994.46	2472.00	994.46	2472.00
995.19	2439.00	995.19	2439.00
995.92	2437.00	995.92	2437.00
996.64	2442.00	996.64	2442.00
997.37	2441.00	997.37	2441.00
