195.00	2472.00	195.00	2472.00
195.80	2471.00	195.80	2471.00
196.61	2467.00	196.61	2467.00
197.41	2474.00	197.41	2474.00
198.22	2474.00	198.22	2474.00
199.02	2472.00	199.02	2472.00
199.83	2474.00	199.83	2474.00
200.63	2473.00	200.63	2473.00
201.43	2476.00	201.43	2476.00
202.24	2470.00	202.24	2470.00
203.04	2473.00	203.04	2473.00
203.85	2466.00	203.85	2466.00
204.65	2469.00	204.65	2469.00
205.45	2478.00	205.45	2478.00
206.26	2473.00	206.26	2473.00
207.06	2472.00	207.06	2472.00
207.87	2476.00	207.87	2476.00
208.67	2474.00	208.67	2474.00
209.47	2481.00	209.47	2481.00
210.28	2472.00	210.28	2472.00
211.08	2479.00	211.08	2479.00
211.88	2476.00	211.88	2476.00
212.69	2472.00	212.69	2472.00
213.49	2472.00	213.49	2472.00
214.29	2479.00	214.29	2479.00
215.10	2477.00	215.10	2477.00
215.90	2478.00	215.90	2478.00
216.70	2476.00	216.70	2476.00
217.51	2470.00	217.51	2470.00
218.31	2478.00	218.31	2478.00
219.11	2482.00	219.11	2482.00
219.92	2472.00	219.92	2472.00
220.72	2477.00	220.72	2477.00
221.52	2471.00	221.52	2471.00
222.32	2475.00	222.32	2475.00
223.13	2471.00	223.13	2471.00
223.93	2479.00	223.93	2479.00
224.73	2472.00	224.73	2472.00
225.54	2479.00	225.54	2479.00
226.34	2474.00	226.34	2474.00
227.14	2478.00	227.14	2478.00
227.94	2472.00	227.94	2472.00
228.75	2474.00	228.75	2474.00
229.55	2478.00	229.55	2478.00
230.35	2478.00	230.35	2478.00
231.15	2472.00	231.15	2472.00
231.95	2473.00	231.95	2473.00
232.76	2475.00	232.76	2475.00
233.56	2471.00	233.56	2471.00
234.36	2470.00	234.36	2470.00
235.16	2469.00	235.16	2469.00
235.96	2477.00	235.96	2477.00
236.77	2478.00	236.77	2478.00
237.57	2473.00	237.57	2473.00
238.37	2478.00	238.37	2478.00
239.17	2470.00	239.17	2470.00
239.97	2478.00	239.97	2478.00
240.77	2475.00	240.77	2475.00
241.58	2470.00	241.58	2470.00
242.38	2475.00	242.38	2475.00
243.18	2491.00	243.18	2491.00
243.98	2482.00	243.98	2482.00
244.78	2477.00	244.78	2477.00
245.58	2472.00	245.58	2472.00
246.38	2479.00	246.38	2479.00
247.19	2469.00	247.19	2469.00
247.99	2480.00	247.99	2480.00
248.79	2479.00	248.79	2479.00
249.59	2475.00	249.59	2475.00
250.39	2481.00	250.39	2481.00
251.19	2478.00	251.19	2478.00
251.99	2477.00	251.99	2477.00
252.79	2475.00	252.79	2475.00
253.59	2478.00	253.59	2478.00
254.39	2478.00	254.39	2478.00
255.19	2472.00	255.19	2472.00
255.99	2473.00	255.99	2473.00
256.79	2474.00	256.79	2474.00
257.59	2476.00	257.59	2476.00
258.40	2481.00	258.40	2481.00
259.20	2472.00	259.20	2472.00
260.00	2475.00	260.00	2475.00
260.80	2474.00	260.80	2474.00
261.60	2471.00	261.60	2471.00
262.40	2473.00	262.40	2473.00
263.20	2473.00	263.20	2473.00
264.00	2469.00	264.00	2469.00
264.80	2470.00	264.80	2470.00
265.60	2472.00	265.60	2472.00
266.40	2471.00	266.40	2471.00
267.20	2478.00	267.20	2478.00
267.99	2474.00	267.99	2474.00
268.79	2474.00	268.79	2474.00
269.59	2479.00	269.59	2479.00
270.39	2477.00	270.39	2477.00
271.19	2477.00	271.19	2477.00
271.99	2471.00	271.99	2471.00
272.79	2478.00	272.79	2478.00
273.59	2476.00	273.59	2476.00
274.39	2477.00	274.39	2477.00
275.19	2472.00	275.19	2472.00
275.99	2480.00	275.99	2480.00
276.79	2475.00	276.79	2475.00
277.59	2474.00	277.59	2474.00
278.39	2478.00	278.39	2478.00
279.18	2475.00	279.18	2475.00
279.98	2474.00	279.98	2474.00
280.78	2471.00	280.78	2471.00
281.58	2474.00	281.58	2474.00
282.38	2475.00	282.38	2475.00
283.18	2478.00	283.18	2478.00
283.98	2477.00	283.98	2477.00
284.77	2484.00	284.77	2484.00
285.57	2470.00	285.57	2470.00
286.37	2475.00	286.37	2475.00
287.17	2473.00	287.17	2473.00
287.97	2471.00	287.97	2471.00
288.77	2476.00	288.77	2476.00
289.56	2467.00	289.56	2467.00
290.36	2475.00	290.36	2475.00
291.16	2480.00	291.16	2480.00
291.96	2474.00	291.96	2474.00
292.76	2476.00	292.76	2476.00
293.55	2474.00	293.55	2474.00
294.35	2475.00	294.35	2475.00
295.15	2478.00	295.15	2478.00
295.95	2474.00	295.95	2474.00
296.74	2479.00	296.74	2479.00
297.54	2474.00	297.54	2474.00
298.34	2483.00	298.34	2483.00
299.14	2475.00	299.14	2475.00
299.93	2475.00	299.93	2475.00
300.73	2481.00	300.73	2481.00
301.53	2471.00	301.53	2471.00
302.33	2481.00	302.33	2481.00
303.12	2474.00	303.12	2474.00
303.92	2484.00	303.92	2484.00
304.72	2474.00	304.72	2474.00
305.51	2476.00	305.51	2476.00
306.31	2480.00	306.31	2480.00
307.11	2473.00	307.11	2473.00
307.90	2479.00	307.90	2479.00
308.70	2474.00	308.70	2474.00
309.50	2480.00	309.50	2480.00
310.29	2480.00	310.29	2480.00
311.09	2476.00	311.09	2476.00
311.89	2471.00	311.89	2471.00
312.68	2478.00	312.68	2478.00
313.48	2478.00	313.48	2478.00
314.28	2479.00	314.28	2479.00
315.07	2479.00	315.07	2479.00
315.87	2479.00	315.87	2479.00
316.67	2478.00	316.67	2478.00
317.46	2473.00	317.46	2473.00
318.26	2478.00	318.26	2478.00
319.05	2476.00	319.05	2476.00
319.85	2479.00	319.85	2479.00
320.65	2474.00	320.65	2474.00
321.44	2479.00	321.44	2479.00
322.24	2476.00	322.24	2476.00
323.03	2479.00	323.03	2479.00
323.83	2482.00	323.83	2482.00
324.62	2481.00	324.62	2481.00
325.42	2480.00	325.42	2480.00
326.21	2474.00	326.21	2474.00
327.01	2475.00	327.01	2475.00
327.81	2490.00	327.81	2490.00
328.60	2476.00	328.60	2476.00
329.40	2482.00	329.40	2482.00
330.19	2479.00	330.19	2479.00
330.99	2480.00	330.99	2480.00
331.78	2476.00	331.78	2476.00
332.58	2478.00	332.58	2478.00
333.37	2478.00	333.37	2478.00
334.17	2476.00	334.17	2476.00
334.96	2478.00	334.96	2478.00
335.75	2483.00	335.75	2483.00
336.55	2480.00	336.55	2480.00
337.34	2482.00	337.34	2482.00
338.14	2486.00	338.14	2486.00
338.93	2478.00	338.93	2478.00
339.73	2477.00	339.73	2477.00
340.52	2480.00	340.52	2480.00
341.32	2474.00	341.32	2474.00
342.11	2480.00	342.11	2480.00
342.90	2485.00	342.90	2485.00
343.70	2480.00	343.70	2480.00
344.49	2477.00	344.49	2477.00
345.29	2477.00	345.29	2477.00
346.08	2473.00	346.08	2473.00
346.87	2478.00	346.87	2478.00
347.67	2480.00	347.67	2480.00
348.46	2481.00	348.46	2481.00
349.26	2480.00	349.26	2480.00
350.05	2482.00	350.05	2482.00
350.84	2477.00	350.84	2477.00
351.64	2480.00	351.64	2480.00
352.43	2479.00	352.43	2479.00
353.22	2482.00	353.22	2482.00
354.02	2475.00	354.02	2475.00
354.81	2478.00	354.81	2478.00
355.60	2479.00	355.60	2479.00
356.40	2482.00	356.40	2482.00
357.19	2475.00	357.19	2475.00
357.98	2478.00	357.98	2478.00
358.77	2483.00	358.77	2483.00
359.57	2483.00	359.57	2483.00
360.36	2476.00	360.36	2476.00
361.15	2486.00	361.15	2486.00
361.95	2479.00	361.95	2479.00
362.74	2477.00	362.74	2477.00
363.53	2481.00	363.53	2481.00
364.32	2472.00	364.32	2472.00
365.12	2483.00	365.12	2483.00
365.91	2483.00	365.91	2483.00
366.70	2480.00	366.70	2480.00
367.49	2478.00	367.49	2478.00
368.28	2478.00	368.28	2478.00
369.08	2484.00	369.08	2484.00
369.87	2480.00	369.87	2480.00
370.66	2487.00	370.66	2487.00
371.45	2478.00	371.45	2478.00
372.24	2480.00	372.24	2480.00
373.04	2489.00	373.04	2489.00
373.83	2483.00	373.83	2483.00
374.62	2488.00	374.62	2488.00
375.41	2487.00	375.41	2487.00
376.20	2483.00	376.20	2483.00
376.99	2489.00	376.99	2489.00
377.79	2492.00	377.79	2492.00
378.58	2487.00	378.58	2487.00
379.37	2487.00	379.37	2487.00
380.16	2494.00	380.16	2494.00
380.95	2495.00	380.95	2495.00
381.74	2499.00	381.74	2499.00
382.53	2503.00	382.53	2503.00
383.32	2500.00	383.32	2500.00
384.11	2503.00	384.11	2503.00
384.91	2509.00	384.91	2509.00
385.70	2512.00	385.70	2512.00
386.49	2517.00	386.49	2517.00
387.28	2520.00	387.28	2520.00
388.07	2525.00	388.07	2525.00
388.86	2536.00	388.86	2536.00
389.65	2547.00	389.65	2547.00
390.44	2543.00	390.44	2543.00
391.23	2560.00	391.23	2560.00
392.02	2569.00	392.02	2569.00
392.81	2571.00	392.81	2571.00
393.60	2593.00	393.60	2593.00
394.39	2600.00	394.39	2600.00
395.18	2613.00	395.18	2613.00
395.97	2630.00	395.97	2630.00
396.76	2637.00	396.76	2637.00
397.55	2650.00	397.55	2650.00
398.34	2673.00	398.34	2673.00
399.13	2706.00	399.13	2706.00
399.92	2733.00	399.92	2733.00
400.71	2760.00	400.71	2760.00
401.50	2786.00	401.50	2786.00
402.29	2819.00	402.29	2819.00
403.08	2846.00	403.08	2846.00
403.87	2880.00	403.87	2880.00
404.66	2919.00	404.66	2919.00
405.45	2965.00	405.45	2965.00
406.24	2998.00	406.24	2998.00
407.02	3039.00	407.02	3039.00
407.81	3072.00	407.81	3072.00
408.60	3122.00	408.60	3122.00
409.39	3153.00	409.39	3153.00
410.18	3236.00	410.18	3236.00
410.97	3356.00	410.97	3356.00
411.76	3729.00	411.76	3729.00
412.55	4837.00	412.55	4837.00
413.33	7596.00	413.33	7596.00
414.12	12079.00	414.12	12079.00
414.91	17244.00	414.91	17244.00
415.70	22492.00	415.70	22492.00
416.49	29496.00	416.49	29496.00
417.28	38253.00	417.28	38253.00
418.06	45506.00	418.06	45506.00
418.85	48217.00	418.85	48217.00
419.64	45730.00	419.64	45730.00
420.43	38859.00	420.43	38859.00
421.22	30391.00	421.22	30391.00
422.00	22480.00	422.00	22480.00
422.79	15000.00	422.79	15000.00
423.58	8348.00	423.58	8348.00
424.37	4411.00	424.37	4411.00
425.16	3079.00	425.16	3079.00
425.94	2747.00	425.94	2747.00
426.73	2648.00	426.73	2648.00
427.52	2613.00	427.52	2613.00
428.31	2589.00	428.31	2589.00
429.09	2568.00	429.09	2568.00
429.88	2554.00	429.88	2554.00
430.67	2543.00	430.67	2543.00
431.45	2534.00	431.45	2534.00
432.24	2527.00	432.24	2527.00
433.03	2526.00	433.03	2526.00
433.81	2514.00	433.81	2514.00
434.60	2513.00	434.60	2513.00
435.39	2507.00	435.39	2507.00
436.17	2506.00	436.17	2506.00
436.96	2495.00	436.96	2495.00
437.75	2505.00	437.75	2505.00
438.53	2498.00	438.53	2498.00
439.32	2497.00	439.32	2497.00
440.11	2496.00	440.11	2496.00
440.89	2488.00	440.89	2488.00
441.68	2488.00	441.68	2488.00
442.47	2491.00	442.47	2491.00
443.25	2489.00	443.25	2489.00
444.04	2487.00	444.04	2487.00
444.82	2480.00	444.82	2480.00
445.61	2493.00	445.61	2493.00
446.40	2488.00	446.40	2488.00
447.18	2487.00	447.18	2487.00
447.97	2485.00	447.97	2485.00
448.75	2480.00	448.75	2480.00
449.54	2491.00	449.54	2491.00
450.32	2487.00	450.32	2487.00
451.11	2476.00	451.11	2476.00
451.89	2483.00	451.89	2483.00
452.68	2485.00	452.68	2485.00
453.46	2480.00	453.46	2480.00
454.25	2484.00	454.25	2484.00
455.04	2476.00	455.04	2476.00
455.82	2480.00	455.82	2480.00
456.61	2482.00	456.61	2482.00
457.39	2486.00	457.39	2486.00
458.17	2483.00	458.17	2483.00
458.96	2488.00	458.96	2488.00
459.74	2480.00	459.74	2480.00
460.53	2479.00	460.53	2479.00
461.31	2477.00	461.31	2477.00
462.10	2481.00	462.10	2481.00
462.88	2477.00	462.88	2477.00
463.67	2477.00	463.67	2477.00
464.45	2480.00	464.45	2480.00
465.24	2483.00	465.24	2483.00
466.02	2481.00	466.02	2481.00
466.80	2482.00	466.80	2482.00
467.59	2479.00	467.59	2479.00
468.37	2484.00	468.37	2484.00
469.16	2479.00	469.16	2479.00
469.94	2479.00	469.94	2479.00
470.72	2486.00	470.72	2486.00
471.51	2484.00	471.51	2484.00
472.29	2480.00	472.29	2480.00
473.07	2481.00	473.07	2481.00
473.86	2484.00	473.86	2484.00
474.64	2489.00	474.64	2489.00
475.42	2482.00	475.42	2482.00
476.21	2482.00	476.21	2482.00
476.99	2488.00	476.99	2488.00
477.77	2484.00	477.77	2484.00
478.56	2481.00	478.56	2481.00
479.34	2485.00	479.34	2485.00
480.12	2486.00	480.12	2486.00
480.91	2489.00	480.91	2489.00
481.69	2485.00	481.69	2485.00
482.47	2487.00	482.47	2487.00
483.25	2487.00	483.25	2487.00
484.04	2488.00	484.04	2488.00
484.82	2483.00	484.82	2483.00
485.60	2494.00	485.60	2494.00
486.38	2479.00	486.38	2479.00
487.17	2484.00	487.17	2484.00
487.95	2488.00	487.95	2488.00
488.73	2488.00	488.73	2488.00
489.51	2491.00	489.51	2491.00
490.29	2482.00	490.29	2482.00
491.08	2485.00	491.08	2485.00
491.86	2485.00	491.86	2485.00
492.64	2479.00	492.64	2479.00
493.42	2486.00	493.42	2486.00
494.20	2483.00	494.20	2483.00
494.99	2486.00	494.99	2486.00
495.77	2482.00	495.77	2482.00
496.55	2478.00	496.55	2478.00
497.33	2476.00	497.33	2476.00
498.11	2480.00	498.11	2480.00
498.89	2482.00	498.89	2482.00
499.67	2480.00	499.67	2480.00
500.45	2483.00	500.45	2483.00
501.24	2478.00	501.24	2478.00
502.02	2477.00	502.02	2477.00
502.80	2476.00	502.80	2476.00
503.58	2478.00	503.58	2478.00
504.36	2477.00	504.36	2477.00
505.14	2475.00	505.14	2475.00
505.92	2474.00	505.92	2474.00
506.70	2482.00	506.70	2482.00
507.48	2476.00	507.48	2476.00
508.26	2478.00	508.26	2478.00
509.04	2479.00	509.04	2479.00
509.82	2475.00	509.82	2475.00
510.60	2478.00	510.60	2478.00
511.38	2479.00	511.38	2479.00
512.16	2473.00	512.16	2473.00
512.94	2475.00	512.94	2475.00
513.72	2476.00	513.72	2476.00
514.50	2476.00	514.50	2476.00
515.28	2481.00	515.28	2481.00
516.06	2479.00	516.06	2479.00
516.84	2474.00	516.84	2474.00
517.62	2476.00	517.62	2476.00
518.40	2471.00	518.40	2471.00
519.18	2473.00	519.18	2473.00
519.96	2472.00	519.96	2472.00
520.74	2474.00	520.74	2474.00
521.52	2476.00	521.52	2476.00
522.30	2481.00	522.30	2481.00
523.08	2475.00	523.08	2475.00
523.86	2476.00	523.86	2476.00
524.64	2478.00	524.64	2478.00
525.41	2475.00	525.41	2475.00
526.19	2475.00	526.19	2475.00
526.97	2477.00	526.97	2477.00
527.75	2476.00	527.75	2476.00
528.53	2473.00	528.53	2473.00
529.31	2476.00	529.31	2476.00
530.09	2474.00	530.09	2474.00
530.86	2477.00	530.86	2477.00
531.64	2472.00	531.64	2472.00
532.42	2478.00	532.42	2478.00
533.20	2475.00	533.20	2475.00
533.98	2478.00	533.98	2478.00
534.76	2476.00	534.76	2476.00
535.53	2476.00	535.53	2476.00
536.31	2489.00	536.31	2489.00
537.09	2483.00	537.09	2483.00
537.87	2470.00	537.87	2470.00
538.64	2477.00	538.64	2477.00
539.42	2477.00	539.42	2477.00
540.20	2474.00	540.20	2474.00
540.98	2477.00	540.98	2477.00
541.75	2469.00	541.75	2469.00
542.53	2477.00	542.53	2477.00
543.31	2472.00	543.31	2472.00
544.09	2474.00	544.09	2474.00
544.86	2475.00	544.86	2475.00
545.64	2478.00	545.64	2478.00
546.42	2478.00	546.42	2478.00
547.19	2474.00	547.19	2474.00
547.97	2483.00	547.97	2483.00
548.75	2473.00	548.75	2473.00
549.52	2475.00	549.52	2475.00
550.30	2470.00	550.30	2470.00
551.08	2471.00	551.08	2471.00
551.85	2474.00	551.85	2474.00
552.63	2478.00	552.63	2478.00
553.41	2480.00	553.41	2480.00
554.18	2473.00	554.18	2473.00
554.96	2474.00	554.96	2474.00
555.74	2474.00	555.74	2474.00
556.51	2485.00	556.51	2485.00
557.29	2480.00	557.29	2480.00
558.06	2473.00	558.06	2473.00
558.84	2475.00	558.84	2475.00
559.61	2475.00	559.61	2475.00
560.39	2478.00	560.39	2478.00
561.17	2479.00	561.17	2479.00
561.94	2472.00	561.94	2472.00
562.72	2476.00	562.72	2476.00
563.49	2472.00	563.49	2472.00
564.27	2474.00	564.27	2474.00
565.04	2474.00	565.04	2474.00
565.82	2470.00	565.82	2470.00
566.59	2472.00	566.59	2472.00
567.37	2480.00	567.37	2480.00
568.14	2475.00	568.14	2475.00
568.92	2473.00	568.92	2473.00
569.69	2477.00	569.69	2477.00
570.47	2472.00	570.47	2472.00
571.24	2476.00	571.24	2476.00
572.02	2480.00	572.02	2480.00
572.79	2474.00	572.79	2474.00
573.57	2473.00	573.57	2473.00
574.34	2473.00	574.34	2473.00
575.11	2474.00	575.11	2474.00
575.89	2478.00	575.89	2478.00
576.66	2481.00	576.66	2481.00
577.44	2472.00	577.44	2472.00
578.21	2476.00	578.21	2476.00
578.98	2476.00	578.98	2476.00
579.76	2479.00	579.76	2479.00
580.53	2476.00	580.53	2476.00
581.31	2478.00	581.31	2478.00
582.08	2473.00	582.08	2473.00
582.85	2475.00	582.85	2475.00
583.63	2474.00	583.63	2474.00
584.40	2475.00	584.40	2475.00
585.17	2607.00	585.17	2607.00
585.95	2476.00	585.95	2476.00
586.72	2476.00	586.72	2476.00
587.49	2471.00	587.49	2471.00
588.27	2470.00	588.27	2470.00
589.04	2476.00	589.04	2476.00
589.81	2475.00	589.81	2475.00
590.58	2475.00	590.58	2475.00
591.36	2479.00	591.36	2479.00
592.13	2476.00	592.13	2476.00
592.90	2480.00	592.90	2480.00
593.68	2475.00	593.68	2475.00
594.45	2479.00	594.45	2479.00
595.22	2479.00	595.22	2479.00
595.99	2479.00	595.99	2479.00
596.76	2477.00	596.76	2477.00
597.54	2476.00	597.54	2476.00
598.31	2482.00	598.31	2482.00
599.08	2479.00	599.08	2479.00
599.85	2475.00	599.85	2475.00
600.62	2477.00	600.62	2477.00
601.40	2482.00	601.40	2482.00
602.17	2477.00	602.17	2477.00
602.94	2474.00	602.94	2474.00
603.71	2479.00	603.71	2479.00
604.48	2471.00	604.48	2471.00
605.25	2479.00	605.25	2479.00
606.03	2476.00	606.03	2476.00
606.80	2476.00	606.80	2476.00
607.57	2475.00	607.57	2475.00
608.34	2474.00	608.34	2474.00
609.11	2479.00	609.11	2479.00
609.88	2476.00	609.88	2476.00
610.65	2475.00	610.65	2475.00
611.42	2478.00	611.42	2478.00
612.19	2472.00	612.19	2472.00
612.96	2474.00	612.96	2474.00
613.73	2470.00	613.73	2470.00
614.50	2474.00	614.50	2474.00
615.28	2475.00	615.28	2475.00
616.05	2475.00	616.05	2475.00
616.82	2474.00	616.82	2474.00
617.59	2474.00	617.59	2474.00
618.36	2471.00	618.36	2471.00
619.13	2475.00	619.13	2475.00
619.90	2476.00	619.90	2476.00
620.67	2475.00	620.67	2475.00
621.44	2473.00	621.44	2473.00
622.21	2473.00	622.21	2473.00
622.97	2475.00	622.97	2475.00
623.74	2475.00	623.74	2475.00
624.51	2478.00	624.51	2478.00
625.28	2472.00	625.28	2472.00
626.05	2482.00	626.05	2482.00
626.82	2477.00	626.82	2477.00
627.59	2474.00	627.59	2474.00
628.36	2480.00	628.36	2480.00
629.13	2474.00	629.13	2474.00
629.90	2475.00	629.90	2475.00
630.67	2473.00	630.67	2473.00
631.44	2479.00	631.44	2479.00
632.20	2473.00	632.20	2473.00
632.97	2472.00	632.97	2472.00
633.74	2478.00	633.74	2478.00
634.51	2474.00	634.51	2474.00
635.28	2474.00	635.28	2474.00
636.05	2471.00	636.05	2471.00
636.82	2470.00	636.82	2470.00
637.58	2474.00	637.58	2474.00
638.35	2475.00	638.35	2475.00
639.12	2477.00	639.12	2477.00
639.89	2473.00	639.89	2473.00
640.66	2473.00	640.66	2473.00
641.42	2475.00	641.42	2475.00
642.19	2470.00	642.19	2470.00
642.96	2473.00	642.96	2473.00
643.73	2478.00	643.73	2478.00
644.49	2482.00	644.49	2482.00
645.26	2473.00	645.26	2473.00
646.03	2474.00	646.03	2474.00
646.80	2477.00	646.80	2477.00
647.56	2473.00	647.56	2473.00
648.33	2496.00	648.33	2496.00
649.10	2471.00	649.10	2471.00
649.86	2479.00	649.86	2479.00
650.63	2474.00	650.63	2474.00
651.40	2472.00	651.40	2472.00
652.16	2475.00	652.16	2475.00
652.93	2475.00	652.93	2475.00
653.70	2475.00	653.70	2475.00
654.46	2476.00	654.46	2476.00
655.23	2474.00	655.23	2474.00
656.00	2477.00	656.00	2477.00
656.76	2474.00	656.76	2474.00
657.53	2474.00	657.53	2474.00
658.30	2472.00	658.30	2472.00
659.06	2472.00	659.06	2472.00
659.83	2473.00	659.83	2473.00
660.59	2476.00	660.59	2476.00
661.36	2477.00	661.36	2477.00
662.13	2477.00	662.13	2477.00
662.89	2476.00	662.89	2476.00
663.66	2471.00	663.66	2471.00
664.42	2476.00	664.42	2476.00
665.19	2478.00	665.19	2478.00
665.95	2477.00	665.95	2477.00
666.72	2474.00	666.72	2474.00
667.48	2471.00	667.48	2471.00
668.25	2472.00	668.25	2472.00
669.01	2475.00	669.01	2475.00
669.78	2479.00	669.78	2479.00
670.54	2476.00	670.54	2476.00
671.31	2472.00	671.31	2472.00
672.07	2472.00	672.07	2472.00
672.84	2470.00	672.84	2470.00
673.60	2470.00	673.60	2470.00
674.37	2472.00	674.37	2472.00
675.13	2475.00	675.13	2475.00
675.89	2472.00	675.89	2472.00
676.66	2474.00	676.66	2474.00
677.42	2474.00	677.42	2474.00
678.19	2471.00	678.19	2471.00
678.95	2471.00	678.95	2471.00
679.71	2477.00	679.71	2477.00
680.48	2477.00	680.48	2477.00
681.24	2480.00	681.24	2480.00
682.01	2476.00	682.01	2476.00
682.77	2478.00	682.77	2478.00
683.53	2471.00	683.53	2471.00
684.30	2477.00	684.30	2477.00
685.06	2474.00	685.06	2474.00
685.82	2479.00	685.82	2479.00
686.59	2471.00	686.59	2471.00
687.35	2474.00	687.35	2474.00
688.11	2470.00	688.11	2470.00
688.88	2474.00	688.88	2474.00
689.64	2478.00	689.64	2478.00
690.40	2479.00	690.40	2479.00
691.16	2471.00	691.16	2471.00
691.93	2477.00	691.93	2477.00
692.69	2477.00	692.69	2477.00
693.45	2477.00	693.45	2477.00
694.21	2480.00	694.21	2480.00
694.98	2475.00	694.98	2475.00
695.74	2476.00	695.74	2476.00
696.50	2469.00	696.50	2469.00
697.26	2477.00	697.26	2477.00
698.02	2474.00	698.02	2474.00
698.79	2478.00	698.79	2478.00
699.55	2474.00	699.55	2474.00
700.31	2478.00	700.31	2478.00
701.07	2480.00	701.07	2480.00
701.83	2479.00	701.83	2479.00
702.59	2477.00	702.59	2477.00
703.36	2475.00	703.36	2475.00
704.12	2475.00	704.12	2475.00
704.88	2473.00	704.88	2473.00
705.64	2471.00	705.64	2471.00
706.40	2475.00	706.40	2475.00
707.16	2475.00	707.16	2475.00
707.92	2473.00	707.92	2473.00
708.68	2468.00	708.68	2468.00
709.44	2475.00	709.44	2475.00
710.21	2474.00	710.21	2474.00
710.97	2472.00	710.97	2472.00
711.73	2478.00	711.73	2478.00
712.49	2471.00	712.49	2471.00
713.25	2478.00	713.25	2478.00
714.01	2473.00	714.01	2473.00
714.77	2469.00	714.77	2469.00
715.53	2476.00	715.53	2476.00
716.29	2474.00	716.29	2474.00
717.05	2477.00	717.05	2477.00
717.81	2471.00	717.81	2471.00
718.57	2470.00	718.57	2470.00
719.33	2476.00	719.33	2476.00
720.09	2472.00	720.09	2472.00
720.85	2476.00	720.85	2476.00
721.61	2476.00	721.61	2476.00
722.37	2479.00	722.37	2479.00
723.12	2473.00	723.12	2473.00
723.88	2472.00	723.88	2472.00
724.64	2477.00	724.64	2477.00
725.40	2474.00	725.40	2474.00
726.16	2476.00	726.16	2476.00
726.92	2472.00	726.92	2472.00
727.68	2478.00	727.68	2478.00
728.44	2474.00	728.44	2474.00
729.20	2470.00	729.20	2470.00
729.95	2470.00	729.95	2470.00
730.71	2474.00	730.71	2474.00
731.47	2476.00	731.47	2476.00
732.23	2471.00	732.23	2471.00
732.99	2469.00	732.99	2469.00
733.75	2470.00	733.75	2470.00
734.50	2474.00	734.50	2474.00
735.26	2474.00	735.26	2474.00
736.02	2471.00	736.02	2471.00
736.78	2473.00	736.78	2473.00
737.54	2475.00	737.54	2475.00
738.29	2470.00	738.29	2470.00
739.05	2473.00	739.05	2473.00
739.81	2470.00	739.81	2470.00
740.57	2472.00	740.57	2472.00
741.32	2473.00	741.32	2473.00
742.08	2473.00	742.08	2473.00
742.84	2478.00	742.84	2478.00
743.59	2472.00	743.59	2472.00
744.35	2478.00	744.35	2478.00
745.11	2473.00	745.11	2473.00
745.87	2475.00	745.87	2475.00
746.62	2474.00	746.62	2474.00
747.38	2474.00	747.38	2474.00
748.14	2474.00	748.14	2474.00
748.89	2469.00	748.89	2469.00
749.65	2472.00	749.65	2472.00
750.40	2472.00	750.40	2472.00
751.16	2478.00	751.16	2478.00
751.92	2478.00	751.92	2478.00
752.67	2473.00	752.67	2473.00
753.43	2471.00	753.43	2471.00
754.19	2474.00	754.19	2474.00
754.94	2474.00	754.94	2474.00
755.70	2467.00	755.70	2467.00
756.45	2472.00	756.45	2472.00
757.21	2475.00	757.21	2475.00
757.96	2475.00	757.96	2475.00
758.72	2467.00	758.72	2467.00
759.47	2471.00	759.47	2471.00
760.23	2479.00	760.23	2479.00
760.98	2477.00	760.98	2477.00
761.74	2469.00	761.74	2469.00
762.49	2473.00	762.49	2473.00
763.25	2471.00	763.25	2471.00
764.00	2475.00	764.00	2475.00
764.76	2472.00	764.76	2472.00
765.51	2477.00	765.51	2477.00
766.27	2473.00	766.27	2473.00
767.02	2470.00	767.02	2470.00
767.78	2470.00	767.78	2470.00
768.53	2471.00	768.53	2471.00
769.29	2475.00	769.29	2475.00
770.04	2469.00	770.04	2469.00
770.79	2467.00	770.79	2467.00
771.55	2472.00	771.55	2472.00
772.30	2472.00	772.30	2472.00
773.06	2470.00	773.06	2470.00
773.81	2473.00	773.81	2473.00
774.56	2474.00	774.56	2474.00
775.32	2473.00	775.32	2473.00
776.07	2471.00	776.07	2471.00
776.82	2474.00	776.82	2474.00
777.58	2475.00	777.58	2475.00
778.33	2476.00	778.33	2476.00
779.08	2473.00	779.08	2473.00
779.84	2476.00	779.84	2476.00
780.59	2471.00	780.59	2471.00
781.34	2475.00	781.34	2475.00
782.10	2474.00	782.10	2474.00
782.85	2470.00	782.85	2470.00
783.60	2472.00	783.60	2472.00
784.35	2475.00	784.35	2475.00
785.11	2474.00	785.11	2474.00
785.86	2475.00	785.86	2475.00
786.61	2470.00	786.61	2470.00
787.36	2471.00	787.36	2471.00
788.11	2472.00	788.11	2472.00
788.87	2470.00	788.87	2470.00
789.62	2480.00	789.62	2480.00
790.37	2475.00	790.37	2475.00
791.12	2470.00	791.12	2470.00
791.87	2467.00	791.87	2467.00
792.63	2474.00	792.63	2474.00
793.38	2468.00	793.38	2468.00
794.13	2473.00	794.13	2473.00
794.88	2472.00	794.88	2472.00
795.63	2473.00	795.63	2473.00
796.38	2472.00	796.38	2472.00
797.13	2475.00	797.13	2475.00
797.88	2472.00	797.88	2472.00
798.64	2475.00	798.64	2475.00
799.39	2467.00	799.39	2467.00
800.14	2473.00	800.14	2473.00
800.89	2484.00	800.89	2484.00
801.64	2477.00	801.64	2477.00
802.39	2474.00	802.39	2474.00
803.14	2474.00	803.14	2474.00
803.89	2478.00	803.89	2478.00
804.64	2472.00	804.64	2472.00
805.39	2476.00	805.39	2476.00
806.14	2474.00	806.14	2474.00
806.89	2470.00	806.89	2470.00
807.64	2473.00	807.64	2473.00
808.39	2472.00	808.39	2472.00
809.14	2476.00	809.14	2476.00
809.89	2471.00	809.89	2471.00
810.64	2476.00	810.64	2476.00
811.39	2474.00	811.39	2474.00
812.14	2477.00	812.14	2477.00
812.89	2474.00	812.89	2474.00
813.64	2472.00	813.64	2472.00
814.38	2476.00	814.38	2476.00
815.13	2473.00	815.13	2473.00
815.88	2478.00	815.88	2478.00
816.63	2474.00	816.63	2474.00
817.38	2471.00	817.38	2471.00
818.13	2471.00	818.13	2471.00
818.88	2467.00	818.88	2467.00
819.63	2477.00	819.63	2477.00
820.37	2478.00	820.37	2478.00
821.12	2470.00	821.12	2470.00
821.87	2473.00	821.87	2473.00
822.62	2471.00	822.62	2471.00
823.37	2469.00	823.37	2469.00
824.12	2469.00	824.12	2469.00
824.86	2469.00	824.86	2469.00
825.61	2471.00	825.61	2471.00
826.36	2472.00	826.36	2472.00
827.11	2472.00	827.11	2472.00
827.85	2473.00	827.85	2473.00
828.60	2474.00	828.60	2474.00
829.35	2473.00	829.35	2473.00
830.10	2475.00	830.10	2475.00
830.84	2474.00	830.84	2474.00
831.59	2475.00	831.59	2475.00
832.34	2481.00	832.34	2481.00
833.08	2475.00	833.08	2475.00
833.83	2479.00	833.83	2479.00
834.58	2468.00	834.58	2468.00
835.32	2470.00	835.32	2470.00
836.07	2470.00	836.07	2470.00
836.82	2470.00	836.82	2470.00
837.56	2472.00	837.56	2472.00
838.31	2473.00	838.31	2473.00
839.06	2470.00	839.06	2470.00
839.80	2472.00	839.80	2472.00
840.55	2471.00	840.55	2471.00
841.29	2478.00	841.29	2478.00
842.04	2471.00	842.04	2471.00
842.79	2470.00	842.79	2470.00
843.53	2479.00	843.53	2479.00
844.28	2470.00	844.28	2470.00
845.02	2474.00	845.02	2474.00
845.77	2466.00	845.77	2466.00
846.51	2470.00	846.51	2470.00
847.26	2473.00	847.26	2473.00
848.00	2469.00	848.00	2469.00
848.75	2469.00	848.75	2469.00
849.49	2476.00	849.49	2476.00
850.24	2473.00	850.24	2473.00
850.98	2474.00	850.98	2474.00
851.73	2466.00	851.73	2466.00
852.47	2475.00	852.47	2475.00
853.22	2473.00	853.22	2473.00
853.96	2481.00	853.96	2481.00
854.71	2476.00	854.71	2476.00
855.45	2473.00	855.45	2473.00
856.19	2471.00	856.19	2471.00
856.94	2472.00	856.94	2472.00
857.68	2475.00	857.68	2475.00
858.43	2472.00	858.43	2472.00
859.17	2474.00	859.17	2474.00
859.91	2474.00	859.91	2474.00
860.66	2478.00	860.66	2478.00
861.40	2480.00	861.40	2480.00
862.14	2473.00	862.14	2473.00
862.89	2474.00	862.89	2474.00
863.63	2475.00	863.63	2475.00
864.37	2474.00	864.37	2474.00
865.12	2475.00	865.12	2475.00
865.86	2473.00	865.86	2473.00
866.60	2472.00	866.60	2472.00
867.35	2476.00	867.35	2476.00
868.09	2488.00	868.09	2488.00
868.83	2475.00	868.83	2475.00
869.57	2474.00	869.57	2474.00
870.32	2480.00	870.32	2480.00
871.06	2468.00	871.06	2468.00
871.80	2473.00	871.80	2473.00
872.54	2478.00	872.54	2478.00
873.29	2471.00	873.29	2471.00
874.03	2475.00	874.03	2475.00
874.77	2469.00	874.77	2469.00
875.51	2478.00	875.51	2478.00
876.25	2502.00	876.25	2502.00
876.99	2471.00	876.99	2471.00
877.74	2476.00	877.74	2476.00
878.48	2472.00	878.48	2472.00
879.22	2482.00	879.22	2482.00
879.96	2472.00	879.96	2472.00
880.70	2473.00	880.70	2473.00
881.44	2475.00	881.44	2475.00
882.18	2474.00	882.18	2474.00
882.92	2471.00	882.92	2471.00
883.67	2474.00	883.67	2474.00
884.41	2472.00	884.41	2472.00
885.15	2472.00	885.15	2472.00
885.89	2477.00	885.89	2477.00
886.63	2477.00	886.63	2477.00
887.37	2471.00	887.37	2471.00
888.11	2476.00	888.11	2476.00
888.85	2470.00	888.85	2470.00
889.59	2476.00	889.59	2476.00
890.33	2475.00	890.33	2475.00
891.07	2477.00	891.07	2477.00
891.81	2478.00	891.81	2478.00
892.55	2477.00	892.55	2477.00
893.29	2470.00	893.29	2470.00
894.03	2475.00	894.03	2475.00
894.77	2470.00	894.77	2470.00
895.51	2480.00	895.51	2480.00
896.25	2481.00	896.25	2481.00
896.98	2472.00	896.98	2472.00
897.72	2479.00	897.72	2479.00
898.46	2471.00	898.46	2471.00
899.20	2470.00	899.20	2470.00
899.94	2474.00	899.94	2474.00
900.68	2472.00	900.68	2472.00
901.42	2471.00	901.42	2471.00
902.16	2477.00	902.16	2477.00
902.89	2472.00	902.89	2472.00
903.63	2473.00	903.63	2473.00
904.37	2478.00	904.37	2478.00
905.11	2468.00	905.11	2468.00
905.85	2476.00	905.85	2476.00
906.59	2475.00	906.59	2475.00
907.32	2474.00	907.32	2474.00
908.06	2475.00	908.06	2475.00
908.80	2478.00	908.80	2478.00
909.54	2473.00	909.54	2473.00
910.27	2472.00	910.27	2472.00
911.01	2470.00	911.01	2470.00
911.75	2473.00	911.75	2473.00
912.49	2478.00	912.49	2478.00
913.22	2473.00	913.22	2473.00
913.96	2472.00	913.96	2472.00
914.70	2473.00	914.70	2473.00
915.43	2474.00	915.43	2474.00
916.17	2474.00	916.17	2474.00
916.91	2477.00	916.91	2477.00
917.64	2470.00	917.64	2470.00
918.38	2473.00	918.38	2473.00
919.12	2475.00	919.12	2475.00
919.85	2479.00	919.85	2479.00
920.59	2480.00	920.59	2480.00
921.33	2471.00	921.33	2471.00
922.06	2473.00	922.06	2473.00
922.80	2476.00	922.80	2476.00
923.53	2475.00	923.53	2475.00
924.27	2474.00	924.27	2474.00
925.01	2472.00	925.01	2472.00
925.74	2470.00	925.74	2470.00
926.48	2476.00	926.48	2476.00
927.21	2472.00	927.21	2472.00
927.95	2473.00	927.95	2473.00
928.68	2474.00	928.68	2474.00
929.42	2479.00	929.42	2479.00
930.15	2472.00	930.15	2472.00
930.89	2478.00	930.89	2478.00
931.62	2476.00	931.62	2476.00
932.36	2472.00	932.36	2472.00
933.09	2478.00	933.09	2478.00
933.83	2469.00	933.83	2469.00
934.56	2473.00	934.56	2473.00
935.30	2473.00	935.30	2473.00
936.03	2476.00	936.03	2476.00
936.76	2478.00	936.76	2478.00
937.50	2472.00	937.50	2472.00
938.23	2476.00	938.23	2476.00
938.97	2472.00	938.97	2472.00
939.70	2474.00	939.70	2474.00
940.43	2478.00	940.43	2478.00
941.17	2477.00	941.17	2477.00
941.90	2476.00	941.90	2476.00
942.63	2471.00	942.63	2471.00
943.37	2474.00	943.37	2474.00
944.10	2475.00	944.10	2475.00
944.83	2474.00	944.83	2474.00
945.57	2479.00	945.57	2479.00
946.30	2475.00	946.30	2475.00
947.03	2478.00	947.03	2478.00
947.76	2471.00	947.76	2471.00
948.50	2475.00	948.50	2475.00
949.23	2474.00	949.23	2474.00
949.96	2477.00	949.96	2477.00
950.69	2478.00	950.69	2478.00
951.43	2472.00	951.43	2472.00
952.16	2476.00	952.16	2476.00
952.89	2466.00	952.89	2466.00
953.62	2471.00	953.62	2471.00
954.36	2482.00	954.36	2482.00
955.09	2471.00	955.09	2471.00
955.82	2473.00	955.82	2473.00
956.55	2480.00	956.55	2480.00
957.28	2476.00	957.28	2476.00
958.01	2475.00	958.01	2475.00
958.74	2476.00	958.74	2476.00
959.48	2475.00	959.48	2475.00
960.21	2473.00	960.21	2473.00
960.94	2480.00	960.94	2480.00
961.67	2468.00	961.67	2468.00
962.40	2470.00	962.40	2470.00
963.13	2478.00	963.13	2478.00
963.86	2472.00	963.86	2472.00
964.59	2475.00	964.59	2475.00
965.32	2471.00	965.32	2471.00
966.05	2472.00	966.05	2472.00
966.78	2473.00	966.78	2473.00
967.51	2478.00	967.51	2478.00
968.24	2471.00	968.24	2471.00
968.97	2473.00	968.97	2473.00
969.70	2479.00	969.70	2479.00
970.43	2475.00	970.43	2475.00
971.16	2479.00	971.16	2479.00
971.89	2480.00	971.89	2480.00
972.62	2472.00	972.62	2472.00
973.35	2476.00	973.35	2476.00
974.08	2474.00	974.08	2474.00
974.81	2474.00	974.81	2474.00
975.54	2472.00	975.54	2472.00
976.27	2480.00	976.27	2480.00
977.00	2474.00	977.00	2474.00
977.73	2471.00	977.73	2471.00
978.45	2471.00	978.45	2471.00
979.18	2477.00	979.18	2477.00
979.91	2476.00	979.91	2476.00
980.64	2473.00	980.64	2473.00
981.37	2470.00	981.37	2470.00
982.10	2474.00	982.10	2474.00
982.83	2474.00	982.83	2474.00
983.55	2437.00	983.55	2437.00
984.28	2438.00	984.28	2438.00
985.01	2438.00	985.01	2438.00
985.74	2435.00	985.74	2435.00
986.46	2472.00	986.46	2472.00
987.19	2467.00	987.19	2467.00
987.92	2468.00	987.92	2468.00
988.65	2467.00	988.65	2467.00
989.37	2473.00	989.37	2473.00
990.10	2467.00	990.10	2467.00
990.83	2475.00	990.83	2475.00
991.56	2472.00	991.56	2472.00
992.28	2475.00	992.28	2475.00
993.01	2471.00	993.01	2471.00
993.74	2468.00	993.74	2468.00
994.46	2473.00	994.46	2473.00
995.19	2443.00	995.19	2443.00
995.92	2440.00	995.92	2440.00
996.64	2436.00	996.64	2436.00
997.37	2444.00	997.37	2444.00
