195.00	2480.00	195.00	2480.00
195.80	2480.00	195.80	2480.00
196.61	2475.00	196.61	2475.00
197.41	2478.00	197.41	2478.00
198.22	2482.00	198.22	2482.00
199.02	2479.00	199.02	2479.00
199.83	2483.00	199.83	2483.00
200.63	2476.00	200.63	2476.00
201.43	2483.00	201.43	2483.00
202.24	2482.00	202.24	2482.00
203.04	2480.00	203.04	2480.00
203.85	2481.00	203.85	2481.00
204.65	2480.00	204.65	2480.00
205.45	2484.00	205.45	2484.00
206.26	2480.00	206.26	2480.00
207.06	2482.00	207.06	2482.00
207.87	2482.00	207.87	2482.00
208.67	2480.00	208.67	2480.00
209.47	2482.00	209.47	2482.00
210.28	2482.00	210.28	2482.00
211.08	2486.00	211.08	2486.00
211.88	2481.00	211.88	2481.00
212.69	2481.00	212.69	2481.00
213.49	2478.00	213.49	2478.00
214.29	2486.00	214.29	2486.00
215.10	2488.00	215.10	2488.00
215.90	2486.00	215.90	2486.00
216.70	2484.00	216.70	2484.00
217.51	2483.00	217.51	2483.00
218.31	2484.00	218.31	2484.00
219.11	2489.00	219.11	2489.00
219.92	2479.00	219.92	2479.00
220.72	2482.00	220.72	2482.00
221.52	2478.00	221.52	2478.00
222.32	2490.00	222.32	2490.00
223.13	2476.00	223.13	2476.00
223.93	2488.00	223.93	2488.00
224.73	2483.00	224.73	2483.00
225.54	2485.00	225.54	2485.00
226.34	2482.00	226.34	2482.00
227.14	2482.00	227.14	2482.00
227.94	2479.00	227.94	2479.00
228.75	2484.00	228.75	2484.00
229.55	2485.00	229.55	2485.00
230.35	2486.00	230.35	2486.00
231.15	2482.00	231.15	2482.00
231.95	2485.00	231.95	2485.00
232.76	2486.00	232.76	2486.00
233.56	2480.00	233.56	2480.00
234.36	2478.00	234.36	2478.00
235.16	2480.00	235.16	2480.00
235.96	2486.00	235.96	2486.00
236.77	2486.00	236.77	2486.00
237.57	2483.00	237.57	2483.00
238.37	2491.00	238.37	2491.00
239.17	2482.00	239.17	2482.00
239.97	2481.00	239.97	2481.00
240.77	2487.00	240.77	2487.00
241.58	2486.00	241.58	2486.00
242.38	2485.00	242.38	2485.00
243.18	2498.00	243.18	2498.00
243.98	2497.00	243.98	2497.00
244.78	2484.00	244.78	2484.00
245.58	2482.00	245.58	2482.00
246.38	2489.00	246.38	2489.00
247.19	2488.00	247.19	2488.00
247.99	2488.00	247.99	2488.00
248.79	2491.00	248.79	2491.00
249.59	2488.00	249.59	2488.00
250.39	2488.00	250.39	2488.00
251.19	2488.00	251.19	2488.00
251.99	2489.00	251.99	2489.00
252.79	2489.00	252.79	2489.00
253.59	2492.00	253.59	2492.00
254.39	2489.00	254.39	2489.00
255.19	2484.00	255.19	2484.00
255.99	2484.00	255.99	2484.00
256.79	2490.00	256.79	2490.00
257.59	2491.00	257.59	2491.00
258.40	2492.00	258.40	2492.00
259.20	2487.00	259.20	2487.00
260.00	2489.00	260.00	2489.00
260.80	2491.00	260.80	2491.00
261.60	2493.00	261.60	2493.00
262.40	2494.00	262.40	2494.00
263.20	2494.00	263.20	2494.00
264.00	2492.00	264.00	2492.00
264.80	2486.00	264.80	2486.00
265.60	2493.00	265.60	2493.00
266.40	2492.00	266.40	2492.00
267.20	2495.00	267.20	2495.00
267.99	2493.00	267.99	2493.00
268.79	2496.00	268.79	2496.00
269.59	2496.00	269.59	2496.00
270.39	2499.00	270.39	2499.00
271.19	2499.00	271.19	2499.00
271.99	2497.00	271.99	2497.00
272.79	2504.00	272.79	2504.00
273.59	2502.00	273.59	2502.00
274.39	2502.00	274.39	2502.00
275.19	2503.00	275.19	2503.00
275.99	2508.00	275.99	2508.00
276.79	2510.00	276.79	2510.00
277.59	2508.00	277.59	2508.00
278.39	2513.00	278.39	2513.00
279.18	2511.00	279.18	2511.00
279.98	2511.00	279.98	2511.00
280.78	2518.00	280.78	2518.00
281.58	2515.00	281.58	2515.00
282.38	2517.00	282.38	2517.00
283.18	2525.00	283.18	2525.00
283.98	2534.00	283.98	2534.00
284.77	2536.00	284.77	2536.00
285.57	2527.00	285.57	2527.00
286.37	2542.00	286.37	2542.00
287.17	2545.00	287.17	2545.00
287.97	2546.00	287.97	2546.00
288.77	2560.00	288.77	2560.00
289.56	2565.00	289.56	2565.00
290.36	2580.00	290.36	2580.00
291.16	2598.00	291.16	2598.00
291.96	2599.00	291.96	2599.00
292.76	2629.00	292.76	2629.00
293.55	2645.00	293.55	2645.00
294.35	2676.00	294.35	2676.00
295.15	2708.00	295.15	2708.00
295.95	2739.00	295.95	2739.00
296.74	2781.00	296.74	2781.00
297.54	2818.00	297.54	2818.00
298.34	2864.00	298.34	2864.00
299.14	2904.00	299.14	2904.00
299.93	2953.00	299.93	2953.00
300.73	3008.00	300.73	3008.00
301.53	3048.00	301.53	3048.00
302.33	3104.00	302.33	3104.00
303.12	3158.00	303.12	3158.00
303.92	3214.00	303.92	3214.00
304.72	3264.00	304.72	3264.00
305.51	3304.00	305.51	3304.00
306.31	3388.00	306.31	3388.00
307.11	3470.00	307.11	3470.00
307.90	3566.00	307.90	3566.00
308.70	3644.00	308.70	3644.00
309.50	3720.00	309.50	3720.00
310.29	3788.00	310.29	3788.00
311.09	3868.00	311.09	3868.00
311.89	3958.00	311.89	3958.00
312.68	4071.00	312.68	4071.00
313.48	4211.00	313.48	4211.00
314.28	4363.00	314.28	4363.00
315.07	4505.00	315.07	4505.00
315.87	4698.00	315.87	4698.00
316.67	4870.00	316.67	4870.00
317.46	4925.00	317.46	4925.00
318.26	4971.00	318.26	4971.00
319.05	5055.00	319.05	5055.00
319.85	5152.00	319.85	5152.00
320.65	5239.00	320.65	5239.00
321.44	5366.00	321.44	5366.00
322.24	5453.00	322.24	5453.00
323.03	5551.00	323.03	5551.00
323.83	5668.00	323.83	5668.00
324.62	5764.00	324.62	5764.00
325.42	5850.00	325.42	5850.00
326.21	5959.00	326.21	5959.00
327.01	6055.00	327.01	6055.00
327.81	6176.00	327.81	6176.00
328.60	6265.00	328.60	6265.00
329.40	6374.00	329.40	6374.00
330.19	6498.00	330.19	6498.00
330.99	6600.00	330.99	6600.00
331.78	6695.00	331.78	6695.00
332.58	6788.00	332.58	6788.00
333.37	6836.00	333.37	6836.00
334.17	6907.00	334.17	6907.00
334.96	6924.00	334.96	6924.00
335.75	6991.00	335.75	6991.00
336.55	7041.00	336.55	7041.00
337.34	7070.00	337.34	7070.00
338.14	7074.00	338.14	7074.00
338.93	7088.00	338.93	7088.00
339.73	7089.00	339.73	7089.00
340.52	7069.00	340.52	7069.00
341.32	7035.00	341.32	7035.00
342.11	7023.00	342.11	7023.00
342.90	6947.00	342.90	6947.00
343.70	6895.00	343.70	6895.00
344.49	6837.00	344.49	6837.00
345.29	6782.00	345.29	6782.00
346.08	6709.00	346.08	6709.00
346.87	6641.00	346.87	6641.00
347.67	6555.00	347.67	6555.00
348.46	6464.00	348.46	6464.00
349.26	6363.00	349.26	6363.00
350.05	6293.00	350.05	6293.00
350.84	6285.00	350.84	6285.00
351.64	6285.00	351.64	6285.00
352.43	6354.00	352.43	6354.00
353.22	6445.00	353.22	6445.00
354.02	6589.00	354.02	6589.00
354.81	6765.00	354.81	6765.00
355.60	7007.00	355.60	7007.00
356.40	7215.00	356.40	7215.00
357.19	7431.00	357.19	7431.00
357.98	7631.00	357.98	7631.00
358.77	7836.00	358.77	7836.00
359.57	8002.00	359.57	8002.00
360.36	8214.00	360.36	8214.00
361.15	8371.00	361.15	8371.00
361.95	8572.00	361.95	8572.00
362.74	8727.00	362.74	8727.00
363.53	8822.00	363.53	8822.00
364.32	9003.00	364.32	9003.00
365.12	9086.00	365.12	9086.00
365.91	9205.00	365.91	9205.00
366.70	9363.00	366.70	9363.00
367.49	9506.00	367.49	9506.00
368.28	9689.00	368.28	9689.00
369.08	9880.00	369.08	9880.00
369.87	10074.00	369.87	10074.00
370.66	10216.00	370.66	10216.00
371.45	10468.00	371.45	10468.00
372.24	10697.00	372.24	10697.00
373.04	11063.00	373.04	11063.00
373.83	11319.00	373.83	11319.00
374.62	11673.00	374.62	11673.00
375.41	12022.00	375.41	12022.00
376.20	12445.00	376.20	12445.00
376.99	12859.00	376.99	12859.00
377.79	13268.00	377.79	13268.00
378.58	13775.00	378.58	13775.00
379.37	14142.00	379.37	14142.00
380.16	14481.00	380.16	14481.00
380.95	14702.00	380.95	14702.00
381.74	14799.00	381.74	14799.00
382.53	14988.00	382.53	14988.00
383.32	15290.00	383.32	15290.00
384.11	15367.00	384.11	15367.00
384.91	15596.00	384.91	15596.00
385.70	15800.00	385.70	15800.00
386.49	16023.00	386.49	16023.00
387.28	16357.00	387.28	16357.00
388.07	16809.00	388.07	16809.00
388.86	17202.00	388.86	17202.00
389.65	17440.00	389.65	17440.00
390.44	17546.00	390.44	17546.00
391.23	18048.00	391.23	18048.00
392.02	18715.00	392.02	18715.00
392.81	19484.00	392.81	19484.00
393.60	20217.00	393.60	20217.00
394.39	20537.00	394.39	20537.00
395.18	20701.00	395.18	20701.00
395.97	21114.00	395.97	21114.00
396.76	21545.00	396.76	21545.00
397.55	22223.00	397.55	22223.00
398.34	22970.00	398.34	22970.00
399.13	23433.00	399.13	23433.00
399.92	23337.00	399.92	23337.00
400.71	22914.00	400.71	22914.00
401.50	22649.00	401.50	22649.00
402.29	22622.00	402.29	22622.00
403.08	22686.00	403.08	22686.00
403.87	22855.00	403.87	22855.00
404.66	23150.00	404.66	23150.00
405.45	23349.00	405.45	23349.00
406.24	23582.00	406.24	23582.00
407.02	23247.00	407.02	23247.00
407.81	23075.00	407.81	23075.00
408.60	23145.00	408.60	23145.00
409.39	23580.00	409.39	23580.00
410.18	24067.00	410.18	24067.00
410.97	24477.00	410.97	24477.00
411.76	24934.00	411.76	24934.00
412.55	25558.00	412.55	25558.00
413.33	26401.00	413.33	26401.00
414.12	27036.00	414.12	27036.00
414.91	27252.00	414.91	27252.00
415.70	27275.00	415.70	27275.00
416.49	27534.00	416.49	27534.00
417.28	27794.00	417.28	27794.00
418.06	28223.00	418.06	28223.00
418.85	28718.00	418.85	28718.00
419.64	29540.00	419.64	29540.00
420.43	30509.00	420.43	30509.00
421.22	31595.00	421.22	31595.00
422.00	32591.00	422.00	32591.00
422.79	32971.00	422.79	32971.00
423.58	32449.00	423.58	32449.00
424.37	31585.00	424.37	31585.00
425.16	30649.00	425.16	30649.00
425.94	30005.00	425.94	30005.00
426.73	29263.00	426.73	29263.00
427.52	28962.00	427.52	28962.00
428.31	29150.00	428.31	29150.00
429.09	28549.00	429.09	28549.00
429.88	27587.00	429.88	27587.00
430.67	26742.00	430.67	26742.00
431.45	25189.00	431.45	25189.00
432.24	22750.00	432.24	22750.00
433.03	20411.00	433.03	20411.00
433.81	18767.00	433.81	18767.00
434.60	17661.00	434.60	17661.00
435.39	16090.00	435.39	16090.00
436.17	14388.00	436.17	14388.00
436.96	13283.00	436.96	13283.00
437.75	12427.00	437.75	12427.00
438.53	11816.00	438.53	11816.00
439.32	11613.00	439.32	11613.00
440.11	11577.00	440.11	11577.00
440.89	11540.00	440.89	11540.00
441.68	11771.00	441.68	11771.00
442.47	11902.00	442.47	11902.00
443.25	11568.00	443.25	11568.00
444.04	10946.00	444.04	10946.00
444.82	10282.00	444.82	10282.00
445.61	9483.00	445.61	9483.00
446.40	8595.00	446.40	8595.00
447.18	7831.00	447.18	7831.00
447.97	7226.00	447.97	7226.00
448.75	6668.00	448.75	6668.00
449.54	6274.00	449.54	6274.00
450.32	5970.00	450.32	5970.00
451.11	5663.00	451.11	5663.00
451.89	5365.00	451.89	5365.00
452.68	5111.00	452.68	5111.00
453.46	4837.00	453.46	4837.00
454.25	4596.00	454.25	4596.00
455.04	4409.00	455.04	4409.00
455.82	4219.00	455.82	4219.00
456.61	4100.00	456.61	4100.00
457.39	3991.00	457.39	3991.00
458.17	3904.00	458.17	3904.00
458.96	3829.00	458.96	3829.00
459.74	3720.00	459.74	3720.00
460.53	3611.00	460.53	3611.00
461.31	3516.00	461.31	3516.00
462.10	3435.00	462.10	3435.00
462.88	3372.00	462.88	3372.00
463.67	3346.00	463.67	3346.00
464.45	3334.00	464.45	3334.00
465.24	3329.00	465.24	3329.00
466.02	3324.00	466.02	3324.00
466.80	3301.00	466.80	3301.00
467.59	3261.00	467.59	3261.00
468.37	3233.00	468.37	3233.00
469.16	3217.00	469.16	3217.00
469.94	3207.00	469.94	3207.00
470.72	3210.00	470.72	3210.00
471.51	3224.00	471.51	3224.00
472.29	3251.00	472.29	3251.00
473.07	3271.00	473.07	3271.00
473.86	3299.00	473.86	3299.00
474.64	3306.00	474.64	3306.00
475.42	3301.00	475.42	3301.00
476.21	3315.00	476.21	3315.00
476.99	3316.00	476.99	3316.00
477.77	3279.00	477.77	3279.00
478.56	3288.00	478.56	3288.00
479.34	3282.00	479.34	3282.00
480.12	3267.00	480.12	3267.00
480.91	3272.00	480.91	3272.00
481.69	3277.00	481.69	3277.00
482.47	3268.00	482.47	3268.00
483.25	3339.00	483.25	3339.00
484.04	3526.00	484.04	3526.00
484.82	3659.00	484.82	3659.00
485.60	3646.00	485.60	3646.00
486.38	3659.00	486.38	3659.00
487.17	3609.00	487.17	3609.00
487.95	3331.00	487.95	3331.00
488.73	3118.00	488.73	3118.00
489.51	3044.00	489.51	3044.00
490.29	3019.00	490.29	3019.00
491.08	2998.00	491.08	2998.00
491.86	2995.00	491.86	2995.00
492.64	2981.00	492.64	2981.00
493.42	2984.00	493.42	2984.00
494.20	2977.00	494.20	2977.00
494.99	2988.00	494.99	2988.00
495.77	3004.00	495.77	3004.00
496.55	3010.00	496.55	3010.00
497.33	3032.00	497.33	3032.00
498.11	3046.00	498.11	3046.00
498.89	3052.00	498.89	3052.00
499.67	3091.00	499.67	3091.00
500.45	3101.00	500.45	3101.00
501.24	3131.00	501.24	3131.00
502.02	3139.00	502.02	3139.00
502.80	3148.00	502.80	3148.00
503.58	3153.00	503.58	3153.00
504.36	3154.00	504.36	3154.00
505.14	3144.00	505.14	3144.00
505.92	3113.00	505.92	3113.00
506.70	3123.00	506.70	3123.00
507.48	3094.00	507.48	3094.00
508.26	3069.00	508.26	3069.00
509.04	3063.00	509.04	3063.00
509.82	3029.00	509.82	3029.00
510.60	3002.00	510.60	3002.00
511.38	2979.00	511.38	2979.00
512.16	2952.00	512.16	2952.00
512.94	2927.00	512.94	2927.00
513.72	2898.00	513.72	2898.00
514.50	2874.00	514.50	2874.00
515.28	2873.00	515.28	2873.00
516.06	2852.00	516.06	2852.00
516.84	2834.00	516.84	2834.00
517.62	2826.00	517.62	2826.00
518.40	2832.00	518.40	2832.00
519.18	2824.00	519.18	2824.00
519.96	2822.00	519.96	2822.00
520.74	2830.00	520.74	2830.00
521.52	2816.00	521.52	2816.00
522.30	2831.00	522.30	2831.00
523.08	2824.00	523.08	2824.00
523.86	2842.00	523.86	2842.00
524.64	2850.00	524.64	2850.00
525.41	2859.00	525.41	2859.00
526.19	2872.00	526.19	2872.00
526.97	2874.00	526.97	2874.00
527.75	2904.00	527.75	2904.00
528.53	2914.00	528.53	2914.00
529.31	2919.00	529.31	2919.00
530.09	2930.00	530.09	2930.00
530.86	2941.00	530.86	2941.00
531.64	2958.00	531.64	2958.00
532.42	2986.00	532.42	2986.00
533.20	2995.00	533.20	2995.00
533.98	3006.00	533.98	3006.00
534.76	3013.00	534.76	3013.00
535.53	2986.00	535.53	2986.00
536.31	3000.00	536.31	3000.00
537.09	3000.00	537.09	3000.00
537.87	2980.00	537.87	2980.00
538.64	2984.00	538.64	2984.00
539.42	2982.00	539.42	2982.00
540.20	2984.00	540.20	2984.00
540.98	2973.00	540.98	2973.00
541.75	2971.00	541.75	2971.00
542.53	2974.00	542.53	2974.00
543.31	2980.00	543.31	2980.00
544.09	2972.00	544.09	2972.00
544.86	2961.00	544.86	2961.00
545.64	2956.00	545.64	2956.00
546.42	2978.00	546.42	2978.00
547.19	2978.00	547.19	2978.00
547.97	2973.00	547.97	2973.00
548.75	2964.00	548.75	2964.00
549.52	2957.00	549.52	2957.00
550.30	2961.00	550.30	2961.00
551.08	2955.00	551.08	2955.00
551.85	2958.00	551.85	2958.00
552.63	2972.00	552.63	2972.00
553.41	2980.00	553.41	2980.00
554.18	2981.00	554.18	2981.00
554.96	2974.00	554.96	2974.00
555.74	2967.00	555.74	2967.00
556.51	2981.00	556.51	2981.00
557.29	2962.00	557.29	2962.00
558.06	2945.00	558.06	2945.00
558.84	2957.00	558.84	2957.00
559.61	2978.00	559.61	2978.00
560.39	2983.00	560.39	2983.00
561.17	2982.00	561.17	2982.00
561.94	2974.00	561.94	2974.00
562.72	2974.00	562.72	2974.00
563.49	2974.00	563.49	2974.00
564.27	2967.00	564.27	2967.00
565.04	2982.00	565.04	2982.00
565.82	2999.00	565.82	2999.00
566.59	3048.00	566.59	3048.00
567.37	3110.00	567.37	3110.00
568.14	3199.00	568.14	3199.00
568.92	3295.00	568.92	3295.00
569.69	3418.00	569.69	3418.00
570.47	3470.00	570.47	3470.00
571.24	3512.00	571.24	3512.00
572.02	3567.00	572.02	3567.00
572.79	3645.00	572.79	3645.00
573.57	3697.00	573.57	3697.00
574.34	3719.00	574.34	3719.00
575.11	3754.00	575.11	3754.00
575.89	3878.00	575.89	3878.00
576.66	3982.00	576.66	3982.00
577.44	3981.00	577.44	3981.00
578.21	4006.00	578.21	4006.00
578.98	4065.00	578.98	4065.00
579.76	4212.00	579.76	4212.00
580.53	4416.00	580.53	4416.00
581.31	4446.00	581.31	4446.00
582.08	4277.00	582.08	4277.00
582.85	4235.00	582.85	4235.00
583.63	4272.00	583.63	4272.00
584.40	4256.00	584.40	4256.00
585.17	4302.00	585.17	4302.00
585.95	4236.00	585.95	4236.00
586.72	4272.00	586.72	4272.00
587.49	4197.00	587.49	4197.00
588.27	4055.00	588.27	4055.00
589.04	3951.00	589.04	3951.00
589.81	3856.00	589.81	3856.00
590.58	3804.00	590.58	3804.00
591.36	3946.00	591.36	3946.00
592.13	4121.00	592.13	4121.00
592.90	4202.00	592.90	4202.00
593.68	4227.00	593.68	4227.00
594.45	4274.00	594.45	4274.00
595.22	4172.00	595.22	4172.00
595.99	4073.00	595.99	4073.00
596.76	4085.00	596.76	4085.00
597.54	4156.00	597.54	4156.00
598.31	4262.00	598.31	4262.00
599.08	4332.00	599.08	4332.00
599.85	4373.00	599.85	4373.00
600.62	4394.00	600.62	4394.00
601.40	4390.00	601.40	4390.00
602.17	4443.00	602.17	4443.00
602.94	4404.00	602.94	4404.00
603.71	4318.00	603.71	4318.00
604.48	4292.00	604.48	4292.00
605.25	4281.00	605.25	4281.00
606.03	4211.00	606.03	4211.00
606.80	4150.00	606.80	4150.00
607.57	4084.00	607.57	4084.00
608.34	4036.00	608.34	4036.00
609.11	4033.00	609.11	4033.00
609.88	4024.00	609.88	4024.00
610.65	3947.00	610.65	3947.00
611.42	3922.00	611.42	3922.00
612.19	3895.00	612.19	3895.00
612.96	3871.00	612.96	3871.00
613.73	3830.00	613.73	3830.00
614.50	3807.00	614.50	3807.00
615.28	3724.00	615.28	3724.00
616.05	3648.00	616.05	3648.00
616.82	3592.00	616.82	3592.00
617.59	3518.00	617.59	3518.00
618.36	3438.00	618.36	3438.00
619.13	3405.00	619.13	3405.00
619.90	3337.00	619.90	3337.00
620.67	3271.00	620.67	3271.00
621.44	3282.00	621.44	3282.00
622.21	3296.00	622.21	3296.00
622.97	3286.00	622.97	3286.00
623.74	3249.00	623.74	3249.00
624.51	3196.00	624.51	3196.00
625.28	3131.00	625.28	3131.00
626.05	3093.00	626.05	3093.00
626.82	3034.00	626.82	3034.00
627.59	2994.00	627.59	2994.00
628.36	2981.00	628.36	2981.00
629.13	2961.00	629.13	2961.00
629.90	2910.00	629.90	2910.00
630.67	2886.00	630.67	2886.00
631.44	2857.00	631.44	2857.00
632.20	2820.00	632.20	2820.00
632.97	2796.00	632.97	2796.00
633.74	2788.00	633.74	2788.00
634.51	2781.00	634.51	2781.00
635.28	2783.00	635.28	2783.00
636.05	2784.00	636.05	2784.00
636.82	2769.00	636.82	2769.00
637.58	2770.00	637.58	2770.00
638.35	2761.00	638.35	2761.00
639.12	2743.00	639.12	2743.00
639.89	2732.00	639.89	2732.00
640.66	2722.00	640.66	2722.00
641.42	2706.00	641.42	2706.00
642.19	2698.00	642.19	2698.00
642.96	2695.00	642.96	2695.00
643.73	2710.00	643.73	2710.00
644.49	2699.00	644.49	2699.00
645.26	2696.00	645.26	2696.00
646.03	2692.00	646.03	2692.00
646.80	2704.00	646.80	2704.00
647.56	2742.00	647.56	2742.00
648.33	2786.00	648.33	2786.00
649.10	2762.00	649.10	2762.00
649.86	2755.00	649.86	2755.00
650.63	2765.00	650.63	2765.00
651.40	2783.00	651.40	2783.00
652.16	2810.00	652.16	2810.00
652.93	2897.00	652.93	2897.00
653.70	3405.00	653.70	3405.00
654.46	6949.00	654.46	6949.00
655.23	12810.00	655.23	12810.00
656.00	13207.00	656.00	13207.00
656.76	9257.00	656.76	9257.00
657.53	7292.00	657.53	7292.00
658.30	5456.00	658.30	5456.00
659.06	3678.00	659.06	3678.00
659.83	2893.00	659.83	2893.00
660.59	2762.00	660.59	2762.00
661.36	2739.00	661.36	2739.00
662.13	2731.00	662.13	2731.00
662.89	2716.00	662.89	2716.00
663.66	2717.00	663.66	2717.00
664.42	2722.00	664.42	2722.00
665.19	2719.00	665.19	2719.00
665.95	2708.00	665.95	2708.00
666.72	2686.00	666.72	2686.00
667.48	2693.00	667.48	2693.00
668.25	2686.00	668.25	2686.00
669.01	2695.00	669.01	2695.00
669.78	2707.00	669.78	2707.00
670.54	2736.00	670.54	2736.00
671.31	2781.00	671.31	2781.00
672.07	2789.00	672.07	2789.00
672.84	2762.00	672.84	2762.00
673.60	2733.00	673.60	2733.00
674.37	2719.00	674.37	2719.00
675.13	2712.00	675.13	2712.00
675.89	2703.00	675.89	2703.00
676.66	2712.00	676.66	2712.00
677.42	2732.00	677.42	2732.00
678.19	2752.00	678.19	2752.00
678.95	2783.00	678.95	2783.00
679.71	2779.00	679.71	2779.00
680.48	2781.00	680.48	2781.00
681.24	2764.00	681.24	2764.00
682.01	2754.00	682.01	2754.00
682.77	2748.00	682.77	2748.00
683.53	2786.00	683.53	2786.00
684.30	2845.00	684.30	2845.00
685.06	2881.00	685.06	2881.00
685.82	2877.00	685.82	2877.00
686.59	2864.00	686.59	2864.00
687.35	2847.00	687.35	2847.00
688.11	2810.00	688.11	2810.00
688.88	2808.00	688.88	2808.00
689.64	2813.00	689.64	2813.00
690.40	2828.00	690.40	2828.00
691.16	2839.00	691.16	2839.00
691.93	2858.00	691.93	2858.00
692.69	2868.00	692.69	2868.00
693.45	2829.00	693.45	2829.00
694.21	2832.00	694.21	2832.00
694.98	2813.00	694.98	2813.00
695.74	2820.00	695.74	2820.00
696.50	2884.00	696.50	2884.00
697.26	2914.00	697.26	2914.00
698.02	2890.00	698.02	2890.00
698.79	2872.00	698.79	2872.00
699.55	2835.00	699.55	2835.00
700.31	2812.00	700.31	2812.00
701.07	2806.00	701.07	2806.00
701.83	2832.00	701.83	2832.00
702.59	2842.00	702.59	2842.00
703.36	2821.00	703.36	2821.00
704.12	2806.00	704.12	2806.00
704.88	2786.00	704.88	2786.00
705.64	2835.00	705.64	2835.00
706.40	2949.00	706.40	2949.00
707.16	2993.00	707.16	2993.00
707.92	2975.00	707.92	2975.00
708.68	2922.00	708.68	2922.00
709.44	2914.00	709.44	2914.00
710.21	2903.00	710.21	2903.00
710.97	2871.00	710.97	2871.00
711.73	2853.00	711.73	2853.00
712.49	2883.00	712.49	2883.00
713.25	2927.00	713.25	2927.00
714.01	2953.00	714.01	2953.00
714.77	2938.00	714.77	2938.00
715.53	2910.00	715.53	2910.00
716.29	2842.00	716.29	2842.00
717.05	2838.00	717.05	2838.00
717.81	2847.00	717.81	2847.00
718.57	2857.00	718.57	2857.00
719.33	2851.00	719.33	2851.00
720.09	2855.00	720.09	2855.00
720.85	2848.00	720.85	2848.00
721.61	2838.00	721.61	2838.00
722.37	2818.00	722.37	2818.00
723.12	2799.00	723.12	2799.00
723.88	2810.00	723.88	2810.00
724.64	2849.00	724.64	2849.00
725.40	2877.00	725.40	2877.00
726.16	2878.00	726.16	2878.00
726.92	2860.00	726.92	2860.00
727.68	2857.00	727.68	2857.00
728.44	2885.00	728.44	2885.00
729.20	2888.00	729.20	2888.00
729.95	2926.00	729.95	2926.00
730.71	2958.00	730.71	2958.00
731.47	2967.00	731.47	2967.00
732.23	2933.00	732.23	2933.00
732.99	2959.00	732.99	2959.00
733.75	2992.00	733.75	2992.00
734.50	3006.00	734.50	3006.00
735.26	2982.00	735.26	2982.00
736.02	2970.00	736.02	2970.00
736.78	2962.00	736.78	2962.00
737.54	2898.00	737.54	2898.00
738.29	2882.00	738.29	2882.00
739.05	2923.00	739.05	2923.00
739.81	2900.00	739.81	2900.00
740.57	2845.00	740.57	2845.00
741.32	2814.00	741.32	2814.00
742.08	2802.00	742.08	2802.00
742.84	2794.00	742.84	2794.00
743.59	2771.00	743.59	2771.00
744.35	2765.00	744.35	2765.00
745.11	2768.00	745.11	2768.00
745.87	2763.00	745.87	2763.00
746.62	2793.00	746.62	2793.00
747.38	2813.00	747.38	2813.00
748.14	2802.00	748.14	2802.00
748.89	2833.00	748.89	2833.00
749.65	2900.00	749.65	2900.00
750.40	2911.00	750.40	2911.00
751.16	2913.00	751.16	2913.00
751.92	2886.00	751.92	2886.00
752.67	2871.00	752.67	2871.00
753.43	2904.00	753.43	2904.00
754.19	2912.00	754.19	2912.00
754.94	2925.00	754.94	2925.00
755.70	2964.00	755.70	2964.00
756.45	3050.00	756.45	3050.00
757.21	3134.00	757.21	3134.00
757.96	3139.00	757.96	3139.00
758.72	3100.00	758.72	3100.00
759.47	3119.00	759.47	3119.00
760.23	3138.00	760.23	3138.00
760.98	3095.00	760.98	3095.00
761.74	3005.00	761.74	3005.00
762.49	2966.00	762.49	2966.00
763.25	2997.00	763.25	2997.00
764.00	3054.00	764.00	3054.00
764.76	3113.00	764.76	3113.00
765.51	3052.00	765.51	3052.00
766.27	2928.00	766.27	2928.00
767.02	2865.00	767.02	2865.00
767.78	2897.00	767.78	2897.00
768.53	3001.00	768.53	3001.00
769.29	3027.00	769.29	3027.00
770.04	3019.00	770.04	3019.00
770.79	3037.00	770.79	3037.00
771.55	2981.00	771.55	2981.00
772.30	2911.00	772.30	2911.00
773.06	2875.00	773.06	2875.00
773.81	2840.00	773.81	2840.00
774.56	2790.00	774.56	2790.00
775.32	2758.00	775.32	2758.00
776.07	2747.00	776.07	2747.00
776.82	2748.00	776.82	2748.00
777.58	2773.00	777.58	2773.00
778.33	2820.00	778.33	2820.00
779.08	2878.00	779.08	2878.00
779.84	2872.00	779.84	2872.00
780.59	2890.00	780.59	2890.00
781.34	2940.00	781.34	2940.00
782.10	2936.00	782.10	2936.00
782.85	2901.00	782.85	2901.00
783.60	2892.00	783.60	2892.00
784.35	2829.00	784.35	2829.00
785.11	2820.00	785.11	2820.00
785.86	2816.00	785.86	2816.00
786.61	2813.00	786.61	2813.00
787.36	2837.00	787.36	2837.00
788.11	2886.00	788.11	2886.00
788.87	2870.00	788.87	2870.00
789.62	2838.00	789.62	2838.00
790.37	2796.00	790.37	2796.00
791.12	2781.00	791.12	2781.00
791.87	2754.00	791.87	2754.00
792.63	2763.00	792.63	2763.00
793.38	2847.00	793.38	2847.00
794.13	2946.00	794.13	2946.00
794.88	2968.00	794.88	2968.00
795.63	2866.00	795.63	2866.00
796.38	2754.00	796.38	2754.00
797.13	2761.00	797.13	2761.00
797.88	2767.00	797.88	2767.00
798.64	2765.00	798.64	2765.00
799.39	2763.00	799.39	2763.00
800.14	2742.00	800.14	2742.00
800.89	2771.00	800.89	2771.00
801.64	2744.00	801.64	2744.00
802.39	2719.00	802.39	2719.00
803.14	2731.00	803.14	2731.00
803.89	2742.00	803.89	2742.00
804.64	2736.00	804.64	2736.00
805.39	2799.00	805.39	2799.00
806.14	2852.00	806.14	2852.00
806.89	2863.00	806.89	2863.00
807.64	2820.00	807.64	2820.00
808.39	2810.00	808.39	2810.00
809.14	2781.00	809.14	2781.00
809.89	2738.00	809.89	2738.00
810.64	2728.00	810.64	2728.00
811.39	2716.00	811.39	2716.00
812.14	2680.00	812.14	2680.00
812.89	2695.00	812.89	2695.00
813.64	2766.00	813.64	2766.00
814.38	2774.00	814.38	2774.00
815.13	2706.00	815.13	2706.00
815.88	2690.00	815.88	2690.00
816.63	2695.00	816.63	2695.00
817.38	2703.00	817.38	2703.00
818.13	2680.00	818.13	2680.00
818.88	2653.00	818.88	2653.00
819.63	2664.00	819.63	2664.00
820.37	2728.00	820.37	2728.00
821.12	2739.00	821.12	2739.00
821.87	2694.00	821.87	2694.00
822.62	2660.00	822.62	2660.00
823.37	2638.00	823.37	2638.00
824.12	2641.00	824.12	2641.00
824.86	2664.00	824.86	2664.00
825.61	2690.00	825.61	2690.00
826.36	2686.00	826.36	2686.00
827.11	2697.00	827.11	2697.00
827.85	2696.00	827.85	2696.00
828.60	2682.00	828.60	2682.00
829.35	2665.00	829.35	2665.00
830.10	2632.00	830.10	2632.00
830.84	2598.00	830.84	2598.00
831.59	2580.00	831.59	2580.00
832.34	2594.00	832.34	2594.00
833.08	2624.00	833.08	2624.00
833.83	2649.00	833.83	2649.00
834.58	2653.00	834.58	2653.00
835.32	2638.00	835.32	2638.00
836.07	2609.00	836.07	2609.00
836.82	2576.00	836.82	2576.00
837.56	2569.00	837.56	2569.00
838.31	2568.00	838.31	2568.00
839.06	2573.00	839.06	2573.00
839.80	2589.00	839.80	2589.00
840.55	2586.00	840.55	2586.00
841.29	2579.00	841.29	2579.00
842.04	2566.00	842.04	2566.00
842.79	2554.00	842.79	2554.00
843.53	2564.00	843.53	2564.00
844.28	2559.00	844.28	2559.00
845.02	2567.00	845.02	2567.00
845.77	2560.00	845.77	2560.00
846.51	2549.00	846.51	2549.00
847.26	2559.00	847.26	2559.00
848.00	2558.00	848.00	2558.00
848.75	2559.00	848.75	2559.00
849.49	2560.00	849.49	2560.00
850.24	2564.00	850.24	2564.00
850.98	2565.00	850.98	2565.00
851.73	2587.00	851.73	2587.00
852.47	2690.00	852.47	2690.00
853.22	2828.00	853.22	2828.00
853.96	2848.00	853.96	2848.00
854.71	2774.00	854.71	2774.00
855.45	2708.00	855.45	2708.00
856.19	2675.00	856.19	2675.00
856.94	2659.00	856.94	2659.00
857.68	2638.00	857.68	2638.00
858.43	2621.00	858.43	2621.00
859.17	2621.00	859.17	2621.00
859.91	2617.00	859.91	2617.00
860.66	2600.00	860.66	2600.00
861.40	2597.00	861.40	2597.00
862.14	2592.00	862.14	2592.00
862.89	2614.00	862.89	2614.00
863.63	2645.00	863.63	2645.00
864.37	2616.00	864.37	2616.00
865.12	2593.00	865.12	2593.00
865.86	2568.00	865.86	2568.00
866.60	2590.00	866.60	2590.00
867.35	2628.00	867.35	2628.00
868.09	2637.00	868.09	2637.00
868.83	2597.00	868.83	2597.00
869.57	2581.00	869.57	2581.00
870.32	2619.00	870.32	2619.00
871.06	2643.00	871.06	2643.00
871.80	2625.00	871.80	2625.00
872.54	2601.00	872.54	2601.00
873.29	2614.00	873.29	2614.00
874.03	2630.00	874.03	2630.00
874.77	2658.00	874.77	2658.00
875.51	2671.00	875.51	2671.00
876.25	2673.00	876.25	2673.00
876.99	2626.00	876.99	2626.00
877.74	2671.00	877.74	2671.00
878.48	2711.00	878.48	2711.00
879.22	2739.00	879.22	2739.00
879.96	2755.00	879.96	2755.00
880.70	2730.00	880.70	2730.00
881.44	2683.00	881.44	2683.00
882.18	2619.00	882.18	2619.00
882.92	2638.00	882.92	2638.00
883.67	2675.00	883.67	2675.00
884.41	2678.00	884.41	2678.00
885.15	2689.00	885.15	2689.00
885.89	2723.00	885.89	2723.00
886.63	2695.00	886.63	2695.00
887.37	2650.00	887.37	2650.00
888.11	2647.00	888.11	2647.00
888.85	2653.00	888.85	2653.00
889.59	2638.00	889.59	2638.00
890.33	2614.00	890.33	2614.00
891.07	2635.00	891.07	2635.00
891.81	2664.00	891.81	2664.00
892.55	2670.00	892.55	2670.00
893.29	2636.00	893.29	2636.00
894.03	2642.00	894.03	2642.00
894.77	2632.00	894.77	2632.00
895.51	2658.00	895.51	2658.00
896.25	2688.00	896.25	2688.00
896.98	2673.00	896.98	2673.00
897.72	2657.00	897.72	2657.00
898.46	2657.00	898.46	2657.00
899.20	2655.00	899.20	2655.00
899.94	2620.00	899.94	2620.00
900.68	2633.00	900.68	2633.00
901.42	2662.00	901.42	2662.00
902.16	2667.00	902.16	2667.00
902.89	2636.00	902.89	2636.00
903.63	2622.00	903.63	2622.00
904.37	2676.00	904.37	2676.00
905.11	2703.00	905.11	2703.00
905.85	2699.00	905.85	2699.00
906.59	2663.00	906.59	2663.00
907.32	2627.00	907.32	2627.00
908.06	2618.00	908.06	2618.00
908.80	2612.00	908.80	2612.00
909.54	2598.00	909.54	2598.00
910.27	2616.00	910.27	2616.00
911.01	2648.00	911.01	2648.00
911.75	2653.00	911.75	2653.00
912.49	2645.00	912.49	2645.00
913.22	2615.00	913.22	2615.00
913.96	2583.00	913.96	2583.00
914.70	2596.00	914.70	2596.00
915.43	2627.00	915.43	2627.00
916.17	2650.00	916.17	2650.00
916.91	2683.00	916.91	2683.00
917.64	2708.00	917.64	2708.00
918.38	2672.00	918.38	2672.00
919.12	2627.00	919.12	2627.00
919.85	2615.00	919.85	2615.00
920.59	2623.00	920.59	2623.00
921.33	2604.00	921.33	2604.00
922.06	2587.00	922.06	2587.00
922.80	2607.00	922.80	2607.00
923.53	2601.00	923.53	2601.00
924.27	2591.00	924.27	2591.00
925.01	2579.00	925.01	2579.00
925.74	2576.00	925.74	2576.00
926.48	2581.00	926.48	2581.00
927.21	2582.00	927.21	2582.00
927.95	2592.00	927.95	2592.00
928.68	2585.00	928.68	2585.00
929.42	2571.00	929.42	2571.00
930.15	2557.00	930.15	2557.00
930.89	2567.00	930.89	2567.00
931.62	2575.00	931.62	2575.00
932.36	2575.00	932.36	2575.00
933.09	2568.00	933.09	2568.00
933.83	2575.00	933.83	2575.00
934.56	2577.00	934.56	2577.00
935.30	2548.00	935.30	2548.00
936.03	2526.00	936.03	2526.00
936.76	2526.00	936.76	2526.00
937.50	2525.00	937.50	2525.00
938.23	2526.00	938.23	2526.00
938.97	2524.00	938.97	2524.00
939.70	2520.00	939.70	2520.00
940.43	2511.00	940.43	2511.00
941.17	2507.00	941.17	2507.00
941.90	2507.00	941.90	2507.00
942.63	2502.00	942.63	2502.00
943.37	2508.00	943.37	2508.00
944.10	2508.00	944.10	2508.00
944.83	2509.00	944.83	2509.00
945.57	2514.00	945.57	2514.00
946.30	2505.00	946.30	2505.00
947.03	2506.00	947.03	2506.00
947.76	2502.00	947.76	2502.00
948.50	2509.00	948.50	2509.00
949.23	2515.00	949.23	2515.00
949.96	2525.00	949.96	2525.00
950.69	2523.00	950.69	2523.00
951.43	2530.00	951.43	2530.00
952.16	2551.00	952.16	2551.00
952.89	2552.00	952.89	2552.00
953.62	2552.00	953.62	2552.00
954.36	2541.00	954.36	2541.00
955.09	2515.00	955.09	2515.00
955.82	2518.00	955.82	2518.00
956.55	2529.00	956.55	2529.00
957.28	2517.00	957.28	2517.00
958.01	2516.00	958.01	2516.00
958.74	2527.00	958.74	2527.00
959.48	2530.00	959.48	2530.00
960.21	2536.00	960.21	2536.00
960.94	2531.00	960.94	2531.00
961.67	2520.00	961.67	2520.00
962.40	2520.00	962.40	2520.00
963.13	2528.00	963.13	2528.00
963.86	2523.00	963.86	2523.00
964.59	2539.00	964.59	2539.00
965.32	2542.00	965.32	2542.00
966.05	2542.00	966.05	2542.00
966.78	2548.00	966.78	2548.00
967.51	2548.00	967.51	2548.00
968.24	2540.00	968.24	2540.00
968.97	2548.00	968.97	2548.00
969.70	2546.00	969.70	2546.00
970.43	2543.00	970.43	2543.00
971.16	2536.00	971.16	2536.00
971.89	2534.00	971.89	2534.00
972.62	2527.00	972.62	2527.00
973.35	2537.00	973.35	2537.00
974.08	2540.00	974.08	2540.00
974.81	2545.00	974.81	2545.00
975.54	2537.00	975.54	2537.00
976.27	2546.00	976.27	2546.00
977.00	2542.00	977.00	2542.00
977.73	2557.00	977.73	2557.00
978.45	2550.00	978.45	2550.00
979.18	2548.00	979.18	2548.00
979.91	2524.00	979.91	2524.00
980.64	2514.00	980.64	2514.00
981.37	2513.00	981.37	2513.00
982.10	2519.00	982.10	2519.00
982.83	2516.00	982.83	2516.00
983.55	2438.00	983.55	2438.00
984.28	2439.00	984.28	2439.00
985.01	2438.00	985.01	2438.00
985.74	2435.00	985.74	2435.00
986.46	2479.00	986.46	2479.00
987.19	2477.00	987.19	2477.00
987.92	2476.00	987.92	2476.00
988.65	2479.00	988.65	2479.00
989.37	2480.00	989.37	2480.00
990.10	2479.00	990.10	2479.00
990.83	2518.00	990.83	2518.00
991.56	2517.00	991.56	2517.00
992.28	2511.00	992.28	2511.00
993.01	2507.00	993.01	2507.00
993.74	2504.00	993.74	2504.00
994.46	2505.00	994.46	2505.00
995.19	2441.00	995.19	2441.00
995.92	2438.00	995.92	2438.00
996.64	2442.00	996.64	2442.00
997.37	2446.00	997.37	2446.00
